0 , 0 , 0 , 0 , 1
0 , 0 , 0 , 0 , 31
0 , 0 , 0 , 0 , 61
0 , 0 , 0 , 0 , 91
0 , 0 , 0 , 0 , 121
0 , 0 , 0 , 0 , 151
0 , 0 , 0 , 0 , 181
0 , 0 , 0 , 0 , 211
0 , 0 , 0 , 0 , 241
0 , 0 , 0 , 0 , 271
0 , 0 , 0 , 0 , 301
0 , 0 , 0 , 0 , 331
0 , 0 , 0 , 0 , 361
0 , 0 , 0 , 0 , 391
0 , 0 , 0 , 0 , 421
0 , 0 , 0 , 0 , 451
0 , 0 , 0 , 0 , 481
0.00195695 , 0 , 0.00195695 , 0.00195695 , 511
0.00184843 , 0 , 0.00184843 , 0.00184843 , 541
0.00175131 , 0 , 0.00175131 , 0.00175131 , 571
0.00166389 , 0 , 0.00166389 , 0.00166389 , 601
0.00158479 , 0 , 0.00158479 , 0.00158479 , 631
0.00151286 , 0 , 0.00151286 , 0.00151286 , 661
0.00144718 , 0 , 0.00144718 , 0.00144718 , 691
0.00138696 , 0 , 0.00138696 , 0.00138696 , 721
0.00133156 , 0 , 0.00133156 , 0.00133156 , 751
0.00128041 , 0 , 0.00128041 , 0.00128041 , 781
0.00123305 , 0 , 0.00123305 , 0.00123305 , 811
0.00118906 , 0 , 0.00118906 , 0.00118906 , 841
0.00114811 , 0 , 0.00114811 , 0.00114811 , 871
0.00110988 , 0 , 0.00110988 , 0.00110988 , 901
0.00107411 , 0 , 0.00107411 , 0.00107411 , 931
0.00104058 , 0 , 0.00104058 , 0.00104058 , 961
0.00100908 , 0 , 0.00201816 , 0.00100908 , 991
0.000979432 , 0 , 0.00195886 , 0.000979432 , 1021
0.000951475 , 0 , 0.00190295 , 0.000951475 , 1051
0.000925069 , 0 , 0.00185014 , 0.000925069 , 1081
0.00090009 , 0 , 0.00180018 , 0.00090009 , 1111
0.000876424 , 0 , 0.00175285 , 0.000876424 , 1141
0.000853971 , 0 , 0.00170794 , 0.000853971 , 1171
0.000832639 , 0 , 0.00166528 , 0.000832639 , 1201
0.000812348 , 0 , 0.0016247 , 0.000812348 , 1231
0.000793021 , 0 , 0.00158604 , 0.000793021 , 1261
0.000774593 , 0 , 0.00154919 , 0.000774593 , 1291
0.000757002 , 0 , 0.001514 , 0.000757002 , 1321
0.000740192 , 0 , 0.00148038 , 0.000740192 , 1351
0.000724113 , 0 , 0.00144823 , 0.000724113 , 1381
0.000708717 , 0 , 0.00141743 , 0.000708717 , 1411
0.000693963 , 0 , 0.00138793 , 0.000693963 , 1441
0.00067981 , 0 , 0.00135962 , 0.00067981 , 1471
0.000666223 , 0 , 0.00133245 , 0.000666223 , 1501
0.000653168 , 0 , 0.00130634 , 0.000653168 , 1531
0.000640615 , 0 , 0.00128123 , 0.00128123 , 1561
0.00125707 , 0 , 0.00125707 , 0.00125707 , 1591
0.00123381 , 0 , 0.00123381 , 0.00123381 , 1621
0.00121139 , 0 , 0.00121139 , 0.00121139 , 1651
0.00118977 , 0 , 0.00118977 , 0.00118977 , 1681
0.00175336 , 0 , 0.00116891 , 0.00116891 , 1711
0.00172315 , 0 , 0.00114877 , 0.00114877 , 1741
0.00169396 , 0 , 0.00112931 , 0.00112931 , 1771
0.00166574 , 0 , 0.00111049 , 0.00111049 , 1801
0.00163845 , 0 , 0.0010923 , 0.0010923 , 1831
0.00161204 , 0 , 0.00107469 , 0.00107469 , 1861
0.00158646 , 0.000528821 , 0.00105764 , 0.00105764 , 1891
0.00156169 , 0.000520562 , 0.00104112 , 0.00104112 , 1921
0.00153767 , 0.000512558 , 0.00102512 , 0.00102512 , 1951
0.00151439 , 0.000504796 , 0.00100959 , 0.00100959 , 1981
0.0014918 , 0.000497265 , 0.00099453 , 0.00099453 , 2011
0.00146987 , 0.000489956 , 0.000979912 , 0.000979912 , 2041
0.00144858 , 0.000482859 , 0.000965717 , 0.000965717 , 2071
0.00142789 , 0.000475964 , 0.000951928 , 0.000951928 , 2101
0.00140779 , 0.000469263 , 0.000938527 , 0.000938527 , 2131
0.00138825 , 0.000462749 , 0.000925497 , 0.000925497 , 2161
0.00136924 , 0.000456413 , 0.000912825 , 0.000912825 , 2191
0.00135074 , 0.000450248 , 0.000900495 , 0.000900495 , 2221
0.00133274 , 0.000444247 , 0.000888494 , 0.000888494 , 2251
0.00131521 , 0.000438404 , 0.000876808 , 0.000876808 , 2281
0.00129814 , 0.000432713 , 0.000865426 , 0.000865426 , 2311
0.0012815 , 0.000427168 , 0.000854336 , 0.000854336 , 2341
0.00126529 , 0.000421763 , 0.000843526 , 0.000843526 , 2371
0.00124948 , 0.000416493 , 0.000832986 , 0.000832986 , 2401
0.00123406 , 0.000411353 , 0.000822707 , 0.000822707 , 2431
0.00121902 , 0.000406339 , 0.000812678 , 0.000812678 , 2461
0.00120434 , 0.000401445 , 0.00080289 , 0.00080289 , 2491
0.00119 , 0.000396668 , 0.000793336 , 0.000793336 , 2521
0.00117601 , 0.000392003 , 0.000784006 , 0.000784006 , 2551
0.00116234 , 0.000387447 , 0.000774893 , 0.000774893 , 2581
0.00114899 , 0.000382995 , 0.00076599 , 0.00076599 , 2611
0.00113593 , 0.000378644 , 0.000757289 , 0.000757289 , 2641
0.00112317 , 0.000374392 , 0.000748783 , 0.000748783 , 2671
0.0011107 , 0.000370233 , 0.000740467 , 0.000740467 , 2701
0.0010985 , 0.000366166 , 0.000732332 , 0.000732332 , 2731
0.00108656 , 0.000362188 , 0.000724375 , 0.000724375 , 2761
0.00107488 , 0.000358295 , 0.000716589 , 0.000716589 , 2791
0.00106345 , 0.000354484 , 0.000708968 , 0.000708968 , 2821
0.00105226 , 0.000350754 , 0.000701508 , 0.000701508 , 2851
0.00104131 , 0.000347102 , 0.000694203 , 0.000694203 , 2881
0.00103057 , 0.000343525 , 0.000687049 , 0.000687049 , 2911
0.00102006 , 0.00034002 , 0.000680041 , 0.000680041 , 2941
0.00100976 , 0.000336587 , 0.000673174 , 0.000673174 , 2971
0.000999667 , 0.000333222 , 0.000666445 , 0.000666445 , 3001
0.000989772 , 0.000329924 , 0.000659848 , 0.000659848 , 3031
0.000980072 , 0.000326691 , 0.000653381 , 0.000653381 , 3061
0.00097056 , 0.00032352 , 0.00064704 , 0.00064704 , 3091
0.00096123 , 0.00032041 , 0.00064082 , 0.00064082 , 3121
0.000952079 , 0.00031736 , 0.000634719 , 0.000634719 , 3151
0.0009431 , 0.000314367 , 0.000628733 , 0.000628733 , 3181
0.000934288 , 0.000311429 , 0.000622859 , 0.000622859 , 3211
0.00092564 , 0.000308547 , 0.000617093 , 0.000617093 , 3241
0.000917151 , 0.000305717 , 0.000611434 , 0.000611434 , 3271
0.000908816 , 0.000302939 , 0.000605877 , 0.000908816 , 3301
0.00090063 , 0.00030021 , 0.00060042 , 0.00090063 , 3331
0.000892591 , 0.00029753 , 0.000595061 , 0.000892591 , 3361
0.000884695 , 0.000294898 , 0.000589797 , 0.000884695 , 3391
0.000876937 , 0.000292312 , 0.000584624 , 0.000876937 , 3421
0.000869313 , 0.000289771 , 0.000579542 , 0.000869313 , 3451
0.000861821 , 0.000287274 , 0.000574548 , 0.000861821 , 3481
0.000854457 , 0.000284819 , 0.000569638 , 0.000854457 , 3511
0.000847218 , 0.000282406 , 0.000564812 , 0.000847218 , 3541
0.000840101 , 0.000280034 , 0.000560067 , 0.000840101 , 3571
0.000833102 , 0.000277701 , 0.000555401 , 0.000833102 , 3601
0.000826219 , 0.000275406 , 0.000550812 , 0.000826219 , 3631
0.000819448 , 0.000273149 , 0.000546299 , 0.000819448 , 3661
0.000812788 , 0.000270929 , 0.000541859 , 0.000812788 , 3691
0.000806235 , 0.000268745 , 0.00053749 , 0.000806235 , 3721
0.000799787 , 0.000266596 , 0.000533191 , 0.000799787 , 3751
0.000793441 , 0.00026448 , 0.000528961 , 0.000793441 , 3781
0.000787195 , 0.000262398 , 0.000524797 , 0.000787195 , 3811
0.000781047 , 0.000260349 , 0.000520698 , 0.000781047 , 3841
0.000774994 , 0.000516662 , 0.000516662 , 0.000774994 , 3871
0.000769034 , 0.000512689 , 0.000512689 , 0.000769034 , 3901
0.000763165 , 0.000508776 , 0.000508776 , 0.000763165 , 3931
0.000757385 , 0.000504923 , 0.000504923 , 0.000757385 , 3961
0.000751691 , 0.000501128 , 0.000501128 , 0.000751691 , 3991
0.000746083 , 0.000497389 , 0.000497389 , 0.000746083 , 4021
0.000740558 , 0.000493705 , 0.000493705 , 0.000740558 , 4051
0.000735114 , 0.000490076 , 0.000490076 , 0.000735114 , 4081
0.000729749 , 0.0004865 , 0.0004865 , 0.000729749 , 4111
0.000724463 , 0.000482975 , 0.000482975 , 0.000724463 , 4141
0.000719252 , 0.000479501 , 0.000479501 , 0.000719252 , 4171
0.000714116 , 0.000476077 , 0.000476077 , 0.000714116 , 4201
0.000709052 , 0.000472701 , 0.000472701 , 0.000709052 , 4231
0.00070406 , 0.000469373 , 0.000469373 , 0.00070406 , 4261
0.000699138 , 0.000466092 , 0.000466092 , 0.000699138 , 4291
0.000694284 , 0.000462856 , 0.000462856 , 0.000925712 , 4321
0.000689497 , 0.000459664 , 0.000459664 , 0.000919329 , 4351
0.000684775 , 0.000456517 , 0.000456517 , 0.000913034 , 4381
0.000680118 , 0.000453412 , 0.000453412 , 0.000906824 , 4411
0.000675524 , 0.000450349 , 0.000450349 , 0.000900698 , 4441
0.000670991 , 0.000447327 , 0.000447327 , 0.000894654 , 4471
0.000666519 , 0.000444346 , 0.000444346 , 0.000888691 , 4501
0.000662106 , 0.000441404 , 0.000441404 , 0.000882807 , 4531
0.00065775 , 0.0004385 , 0.0004385 , 0.000877001 , 4561
0.000653452 , 0.000435635 , 0.000435635 , 0.00087127 , 4591
0.00064921 , 0.000432807 , 0.000432807 , 0.000865614 , 4621
0.000645023 , 0.000430015 , 0.000430015 , 0.00086003 , 4651
0.000640889 , 0.000427259 , 0.000427259 , 0.000854518 , 4681
0.000636807 , 0.000424538 , 0.000424538 , 0.000849077 , 4711
0.000632778 , 0.000421852 , 0.000421852 , 0.000843704 , 4741
0.000628799 , 0.000419199 , 0.000419199 , 0.000838399 , 4771
0.00062487 , 0.00041658 , 0.00041658 , 0.00083316 , 4801
0.000620989 , 0.000413993 , 0.000413993 , 0.000827986 , 4831
0.000617157 , 0.000411438 , 0.000411438 , 0.000822876 , 4861
0.000613371 , 0.000408914 , 0.000408914 , 0.000817829 , 4891
0.000609632 , 0.000406421 , 0.000406421 , 0.000812843 , 4921
0.000605938 , 0.000403959 , 0.000403959 , 0.000807918 , 4951
0.000602289 , 0.000401526 , 0.000401526 , 0.000803052 , 4981
0.000598683 , 0.000399122 , 0.000399122 , 0.000798244 , 5011
0.00059512 , 0.000396747 , 0.000396747 , 0.000793493 , 5041
0.000591599 , 0.0003944 , 0.0003944 , 0.000788799 , 5071
0.00058812 , 0.00039208 , 0.00039208 , 0.00078416 , 5101
0.000584681 , 0.000389788 , 0.000389788 , 0.000779575 , 5131
0.000581283 , 0.000387522 , 0.000387522 , 0.000775044 , 5161
0.000577923 , 0.000385282 , 0.000385282 , 0.000770564 , 5191
0.000574603 , 0.000383068 , 0.000383068 , 0.000766137 , 5221
0.00057132 , 0.00038088 , 0.00038088 , 0.00076176 , 5251
0.000568074 , 0.000378716 , 0.000378716 , 0.00094679 , 5281
0.000564865 , 0.000376577 , 0.000376577 , 0.000941442 , 5311
0.000561693 , 0.000374462 , 0.000374462 , 0.000936154 , 5341
0.000558555 , 0.00037237 , 0.00037237 , 0.000930925 , 5371
0.000555453 , 0.000370302 , 0.000370302 , 0.000925754 , 5401
0.000552384 , 0.000368256 , 0.000368256 , 0.000920641 , 5431
0.00054935 , 0.000366233 , 0.000366233 , 0.000915583 , 5461
0.000546349 , 0.000364232 , 0.000364232 , 0.000910581 , 5491
0.00054338 , 0.00054338 , 0.000362253 , 0.000905633 , 5521
0.000540443 , 0.000540443 , 0.000360295 , 0.000900739 , 5551
0.000537538 , 0.000537538 , 0.000358359 , 0.000895897 , 5581
0.000534664 , 0.000534664 , 0.000356443 , 0.000891107 , 5611
0.000531821 , 0.000531821 , 0.000354547 , 0.000886368 , 5641
0.000529007 , 0.000529007 , 0.000352671 , 0.000881679 , 5671
0.000526223 , 0.000526223 , 0.000350816 , 0.000877039 , 5701
0.000523469 , 0.000523469 , 0.000348979 , 0.000872448 , 5731
0.000520743 , 0.000520743 , 0.000347162 , 0.000867905 , 5761
0.000518045 , 0.000518045 , 0.000345363 , 0.000863409 , 5791
0.000515375 , 0.000515375 , 0.000343584 , 0.000858959 , 5821
0.000512733 , 0.000683644 , 0.000341822 , 0.000854555 , 5851
0.000510117 , 0.000680156 , 0.000340078 , 0.000850196 , 5881
0.000507528 , 0.000676704 , 0.000338352 , 0.000845881 , 5911
0.000504965 , 0.000673287 , 0.000336644 , 0.000841609 , 5941
0.000502428 , 0.000669905 , 0.000334952 , 0.000837381 , 5971
0.000499917 , 0.000666556 , 0.000333278 , 0.000833194 , 6001
0.00049743 , 0.00066324 , 0.00033162 , 0.00082905 , 6031
0.000494968 , 0.000659957 , 0.000329979 , 0.000824946 , 6061
0.00049253 , 0.000656707 , 0.000328353 , 0.000820883 , 6091
0.000490116 , 0.000653488 , 0.000326744 , 0.00081686 , 6121
0.000487726 , 0.000650301 , 0.00032515 , 0.000812876 , 6151
0.000485358 , 0.000647144 , 0.000323572 , 0.000808931 , 6181
0.000483014 , 0.000644019 , 0.000322009 , 0.000805023 , 6211
0.000480692 , 0.000640923 , 0.000320461 , 0.000801154 , 6241
0.000478393 , 0.000637857 , 0.000318928 , 0.000797321 , 6271
0.000476115 , 0.00063482 , 0.00031741 , 0.000793525 , 6301
0.000473859 , 0.000631812 , 0.000315906 , 0.000789765 , 6331
0.000471624 , 0.000628832 , 0.000314416 , 0.00078604 , 6361
0.00046941 , 0.00062588 , 0.00031294 , 0.00078235 , 6391
0.000467217 , 0.000622956 , 0.000311478 , 0.000778695 , 6421
0.000465044 , 0.000620059 , 0.000310029 , 0.000775074 , 6451
0.000462892 , 0.000617189 , 0.000308594 , 0.000771486 , 6481
0.000460759 , 0.000614345 , 0.000307172 , 0.000767931 , 6511
0.000458645 , 0.000611527 , 0.000305764 , 0.000917291 , 6541
0.000608735 , 0.000608735 , 0.000304368 , 0.000913103 , 6571
0.000605969 , 0.000605969 , 0.000302984 , 0.000908953 , 6601
0.000603227 , 0.000603227 , 0.000301614 , 0.000904841 , 6631
0.00060051 , 0.00060051 , 0.000300255 , 0.000900766 , 6661
0.000597818 , 0.000597818 , 0.000298909 , 0.000896727 , 6691
0.00059515 , 0.00059515 , 0.000297575 , 0.000892724 , 6721
0.000592505 , 0.000592505 , 0.000296252 , 0.000888757 , 6751
0.000589883 , 0.000589883 , 0.000294942 , 0.000884825 , 6781
0.000587285 , 0.000587285 , 0.000293643 , 0.000880928 , 6811
0.00058471 , 0.00058471 , 0.000292355 , 0.000877065 , 6841
0.000582157 , 0.000582157 , 0.000291078 , 0.000873235 , 6871
0.000579626 , 0.000579626 , 0.000289813 , 0.000869439 , 6901
0.000577117 , 0.000577117 , 0.000288559 , 0.000865676 , 6931
0.00057463 , 0.00057463 , 0.000287315 , 0.000861945 , 6961
0.000572164 , 0.000572164 , 0.000286082 , 0.000858246 , 6991
0.000569719 , 0.000569719 , 0.00028486 , 0.000854579 , 7021
0.000567295 , 0.000567295 , 0.000283648 , 0.000850943 , 7051
0.000564892 , 0.000564892 , 0.000282446 , 0.000847338 , 7081
0.000562509 , 0.000562509 , 0.000281254 , 0.000843763 , 7111
0.000560146 , 0.000560146 , 0.000280073 , 0.000840218 , 7141
0.000557802 , 0.000557802 , 0.000278901 , 0.000836703 , 7171
0.000555478 , 0.000555478 , 0.000277739 , 0.000833218 , 7201
0.000553174 , 0.000553174 , 0.000276587 , 0.000829761 , 7231
0.000550888 , 0.000550888 , 0.000275444 , 0.000826332 , 7261
0.000548622 , 0.000548622 , 0.000274311 , 0.000822932 , 7291
0.000546373 , 0.000546373 , 0.000273187 , 0.00081956 , 7321
0.000544144 , 0.000544144 , 0.000272072 , 0.000816215 , 7351
0.000677415 , 0.000541932 , 0.000270966 , 0.000812898 , 7381
0.000674673 , 0.000539738 , 0.000269869 , 0.000809607 , 7411
0.000671953 , 0.000537562 , 0.000268781 , 0.000806343 , 7441
0.000669254 , 0.000535404 , 0.000267702 , 0.000803105 , 7471
0.000666578 , 0.000533262 , 0.000266631 , 0.000799893 , 7501
0.000663922 , 0.000531138 , 0.000265569 , 0.000796707 , 7531
0.000661288 , 0.000529031 , 0.000264515 , 0.000793546 , 7561
0.000658675 , 0.00052694 , 0.00026347 , 0.00079041 , 7591
0.000656082 , 0.000656082 , 0.000262433 , 0.000787298 , 7621
0.000653509 , 0.000653509 , 0.000261404 , 0.000784211 , 7651
0.000650957 , 0.000650957 , 0.000260383 , 0.000781148 , 7681
0.000648424 , 0.000648424 , 0.00025937 , 0.000778109 , 7711
0.000645911 , 0.000645911 , 0.000258365 , 0.000775094 , 7741
0.000643418 , 0.000643418 , 0.000257367 , 0.000772101 , 7771
0.000640943 , 0.000640943 , 0.000256377 , 0.000769132 , 7801
0.000638488 , 0.000638488 , 0.000255395 , 0.000766186 , 7831
0.000636051 , 0.000636051 , 0.000254421 , 0.000763262 , 7861
0.000633633 , 0.000633633 , 0.000253453 , 0.00076036 , 7891
0.000631233 , 0.000631233 , 0.000252493 , 0.00075748 , 7921
0.000628852 , 0.000628852 , 0.000251541 , 0.000754622 , 7951
0.000626488 , 0.000626488 , 0.000250595 , 0.000751785 , 7981
0.000624142 , 0.000624142 , 0.000249657 , 0.00074897 , 8011
0.000621813 , 0.000621813 , 0.000248725 , 0.000746176 , 8041
0.000619502 , 0.000619502 , 0.000247801 , 0.000743402 , 8071
0.000617208 , 0.000617208 , 0.000246883 , 0.000740649 , 8101
0.000614931 , 0.000614931 , 0.000245972 , 0.000737917 , 8131
0.00061267 , 0.00061267 , 0.000245068 , 0.000735204 , 8161
0.000610426 , 0.000610426 , 0.00024417 , 0.000732511 , 8191
0.000608199 , 0.000608199 , 0.000243279 , 0.000729838 , 8221
0.000605987 , 0.000605987 , 0.000242395 , 0.000727185 , 8251
0.000603792 , 0.000603792 , 0.000241517 , 0.00072455 , 8281
0.000601612 , 0.000601612 , 0.000240645 , 0.000721935 , 8311
0.000599449 , 0.000719338 , 0.000239779 , 0.000719338 , 8341
0.0005973 , 0.00071676 , 0.00023892 , 0.00071676 , 8371
0.000595167 , 0.000714201 , 0.000238067 , 0.000714201 , 8401
0.000593049 , 0.000711659 , 0.00023722 , 0.000711659 , 8431
0.000709136 , 0.000709136 , 0.000236379 , 0.000709136 , 8461
0.000706631 , 0.000706631 , 0.000235544 , 0.000706631 , 8491
0.000704143 , 0.000704143 , 0.000234714 , 0.000704143 , 8521
0.000701672 , 0.000701672 , 0.000233891 , 0.000701672 , 8551
0.000699219 , 0.000699219 , 0.000233073 , 0.000699219 , 8581
0.000696783 , 0.000696783 , 0.000232261 , 0.000696783 , 8611
0.000694364 , 0.000694364 , 0.000231455 , 0.000694364 , 8641
0.000691962 , 0.000691962 , 0.000230654 , 0.000691962 , 8671
0.000689576 , 0.000689576 , 0.000229859 , 0.000689576 , 8701
0.000687207 , 0.000687207 , 0.000229069 , 0.000687207 , 8731
0.000684853 , 0.000684853 , 0.000228284 , 0.000684853 , 8761
0.000682516 , 0.000682516 , 0.000227505 , 0.000682516 , 8791
0.000680195 , 0.000680195 , 0.000226732 , 0.000680195 , 8821
0.00067789 , 0.00067789 , 0.000225963 , 0.00067789 , 8851
0.0006756 , 0.0006756 , 0.0002252 , 0.0006756 , 8881
0.000673325 , 0.000673325 , 0.000224442 , 0.000673325 , 8911
0.000671066 , 0.000671066 , 0.000223689 , 0.000671066 , 8941
0.000668822 , 0.000668822 , 0.000222941 , 0.000668822 , 8971
0.000666593 , 0.000666593 , 0.000222198 , 0.000666593 , 9001
0.000664378 , 0.000664378 , 0.000221459 , 0.000664378 , 9031
0.000662179 , 0.000662179 , 0.000220726 , 0.000662179 , 9061
0.000659993 , 0.000659993 , 0.000219998 , 0.000659993 , 9091
0.000657823 , 0.000657823 , 0.000219274 , 0.000657823 , 9121
0.000655666 , 0.000655666 , 0.000218555 , 0.000655666 , 9151
0.000653524 , 0.000653524 , 0.000217841 , 0.000653524 , 9181
0.000651395 , 0.000651395 , 0.000217132 , 0.000651395 , 9211
0.00064928 , 0.000757494 , 0.000216427 , 0.00064928 , 9241
0.000647179 , 0.000755043 , 0.00032359 , 0.000647179 , 9271
0.000645092 , 0.000752607 , 0.000322546 , 0.000645092 , 9301
0.000643018 , 0.000750188 , 0.000321509 , 0.000643018 , 9331
0.000640957 , 0.000747783 , 0.000320479 , 0.000640957 , 9361
0.00063891 , 0.000745394 , 0.000319455 , 0.00063891 , 9391
0.000636875 , 0.000743021 , 0.000318438 , 0.000636875 , 9421
0.000634853 , 0.000740662 , 0.000317427 , 0.000634853 , 9451
0.000632845 , 0.000738319 , 0.000316422 , 0.000632845 , 9481
0.000630849 , 0.00073599 , 0.000315424 , 0.000630849 , 9511
0.000628865 , 0.000733676 , 0.000314432 , 0.000628865 , 9541
0.000626894 , 0.000731376 , 0.000313447 , 0.000626894 , 9571
0.000624935 , 0.000729091 , 0.000312467 , 0.000624935 , 9601
0.000622988 , 0.00072682 , 0.000311494 , 0.000622988 , 9631
0.000621054 , 0.000724563 , 0.000310527 , 0.000621054 , 9661
0.000619131 , 0.00072232 , 0.000309566 , 0.000619131 , 9691
0.00061722 , 0.000720091 , 0.00030861 , 0.00061722 , 9721
0.000615322 , 0.000717875 , 0.000307661 , 0.000615322 , 9751
0.000613434 , 0.000715673 , 0.000306717 , 0.000613434 , 9781
0.000611558 , 0.000713485 , 0.000305779 , 0.000611558 , 9811
0.000609694 , 0.00071131 , 0.000304847 , 0.000609694 , 9841
0.000607841 , 0.000709148 , 0.000303921 , 0.000607841 , 9871
0.000605999 , 0.000706999 , 0.000303 , 0.000605999 , 9901
0.000604169 , 0.000704864 , 0.000302084 , 0.000604169 , 9931
0.000602349 , 0.000702741 , 0.000301175 , 0.000602349 , 9961
0.00060054 , 0.000700631 , 0.00030027 , 0.00060054 , 9991
0.000598743 , 0.000698533 , 0.000299371 , 0.000598743 , 10021
0.000596956 , 0.000696448 , 0.000298478 , 0.000596956 , 10051
0.000595179 , 0.000694376 , 0.00029759 , 0.000595179 , 10081
0.000593413 , 0.000692315 , 0.000296707 , 0.000593413 , 10111
0.000591658 , 0.000690267 , 0.000295829 , 0.000591658 , 10141
0.000589913 , 0.000688231 , 0.000294956 , 0.000589913 , 10171
0.000588178 , 0.000686207 , 0.000294089 , 0.000588178 , 10201
0.000586453 , 0.000684195 , 0.000293226 , 0.000586453 , 10231
0.000584738 , 0.000682195 , 0.000292369 , 0.000584738 , 10261
0.000583034 , 0.000680206 , 0.000291517 , 0.000583034 , 10291
0.000581339 , 0.000678229 , 0.00029067 , 0.000581339 , 10321
0.000579654 , 0.000676263 , 0.000289827 , 0.000579654 , 10351
0.000577979 , 0.000674309 , 0.00028899 , 0.000577979 , 10381
0.000576314 , 0.000672366 , 0.000288157 , 0.000576314 , 10411
0.000574658 , 0.000670434 , 0.000287329 , 0.000574658 , 10441
0.000573011 , 0.000668513 , 0.000286506 , 0.000573011 , 10471
0.000571374 , 0.000666603 , 0.000285687 , 0.000571374 , 10501
0.000569746 , 0.000664704 , 0.000284873 , 0.000569746 , 10531
0.000662816 , 0.000662816 , 0.000284064 , 0.000568128 , 10561
0.000660939 , 0.000660939 , 0.000283259 , 0.000566519 , 10591
0.000659072 , 0.000659072 , 0.000282459 , 0.000564919 , 10621
0.000657215 , 0.000657215 , 0.000281664 , 0.000563327 , 10651
0.000655369 , 0.000655369 , 0.000280873 , 0.000561745 , 10681
0.000653534 , 0.000653534 , 0.000280086 , 0.000560172 , 10711
0.00074481 , 0.000651708 , 0.000279304 , 0.000558607 , 10741
0.000742735 , 0.000649893 , 0.000278526 , 0.000557051 , 10771
0.000740672 , 0.000648088 , 0.000277752 , 0.000555504 , 10801
0.000738621 , 0.000646293 , 0.000276983 , 0.000553965 , 10831
0.00073658 , 0.000644508 , 0.000276218 , 0.000552435 , 10861
0.000734551 , 0.000642733 , 0.000275457 , 0.000550914 , 10891
0.000732534 , 0.000640967 , 0.0002747 , 0.0005494 , 10921
0.000730527 , 0.000639211 , 0.000273948 , 0.000547895 , 10951
0.000728531 , 0.000637465 , 0.000273199 , 0.000546398 , 10981
0.000726546 , 0.000635728 , 0.000272455 , 0.00054491 , 11011
0.000724572 , 0.000634001 , 0.000271715 , 0.000543429 , 11041
0.000722609 , 0.000632283 , 0.000270978 , 0.000632283 , 11071
0.000720656 , 0.000630574 , 0.000270246 , 0.000630574 , 11101
0.000718714 , 0.000628874 , 0.000269518 , 0.000628874 , 11131
0.000716782 , 0.000627184 , 0.000268793 , 0.000627184 , 11161
0.00071486 , 0.000625503 , 0.000268073 , 0.000625503 , 11191
0.000712949 , 0.00062383 , 0.000267356 , 0.00062383 , 11221
0.000711048 , 0.000622167 , 0.000266643 , 0.000622167 , 11251
0.000709157 , 0.000620512 , 0.000265934 , 0.000620512 , 11281
0.000707276 , 0.000618867 , 0.000353638 , 0.000618867 , 11311
0.000705405 , 0.000617229 , 0.000352703 , 0.000617229 , 11341
0.000703544 , 0.000615601 , 0.000351772 , 0.000615601 , 11371
0.000701693 , 0.000613981 , 0.000350846 , 0.000613981 , 11401
0.000699851 , 0.00061237 , 0.000349926 , 0.00061237 , 11431
0.000785272 , 0.000610767 , 0.00034901 , 0.000610767 , 11461
0.000783222 , 0.000609172 , 0.000348099 , 0.000609172 , 11491
0.000781182 , 0.000607586 , 0.000347192 , 0.000607586 , 11521
0.000779153 , 0.000606008 , 0.00034629 , 0.000606008 , 11551
0.000777135 , 0.000604438 , 0.000345393 , 0.000604438 , 11581
0.000775127 , 0.000602877 , 0.000344501 , 0.000602877 , 11611
0.000773129 , 0.000601323 , 0.000343613 , 0.000601323 , 11641
0.000771142 , 0.000599777 , 0.00034273 , 0.000599777 , 11671
0.000769165 , 0.000598239 , 0.000427314 , 0.000598239 , 11701
0.000767198 , 0.00059671 , 0.000426221 , 0.00059671 , 11731
0.000765241 , 0.000595187 , 0.000425134 , 0.000595187 , 11761
0.000763294 , 0.000593673 , 0.000424052 , 0.000593673 , 11791
0.000761357 , 0.000592166 , 0.000422976 , 0.000592166 , 11821
0.00075943 , 0.000590667 , 0.000421905 , 0.000590667 , 11851
0.000757512 , 0.000589176 , 0.00042084 , 0.000673344 , 11881
0.000755604 , 0.000587692 , 0.00041978 , 0.000671648 , 11911
0.000753706 , 0.000586216 , 0.000418725 , 0.000669961 , 11941
0.000751817 , 0.000584746 , 0.000417676 , 0.000668282 , 11971
0.000749937 , 0.000583285 , 0.000416632 , 0.000666611 , 12001
0.000748068 , 0.00058183 , 0.000415593 , 0.000664949 , 12031
0.000746207 , 0.000580383 , 0.000414559 , 0.000663295 , 12061
0.000744355 , 0.000578943 , 0.000413531 , 0.000661649 , 12091
0.000742513 , 0.00057751 , 0.000412507 , 0.000660012 , 12121
0.00074068 , 0.000576084 , 0.000411489 , 0.000658382 , 12151
0.000738856 , 0.000574665 , 0.000410475 , 0.000656761 , 12181
0.00073704 , 0.000573254 , 0.000409467 , 0.000655147 , 12211
0.000735234 , 0.000571849 , 0.000408463 , 0.000653541 , 12241
0.000733437 , 0.000570451 , 0.000407465 , 0.000651944 , 12271
0.000731648 , 0.000569059 , 0.000406471 , 0.000650354 , 12301
0.000729868 , 0.000567675 , 0.000405482 , 0.000648771 , 12331
0.000728096 , 0.000566297 , 0.000404498 , 0.000647197 , 12361
0.000726334 , 0.000564926 , 0.000403519 , 0.00064563 , 12391
0.000724579 , 0.000563562 , 0.000402544 , 0.000644071 , 12421
0.000722834 , 0.000562204 , 0.000401574 , 0.000642519 , 12451
0.000721096 , 0.000560853 , 0.000400609 , 0.000640974 , 12481
0.000719367 , 0.000559508 , 0.000399648 , 0.000639437 , 12511
0.000717646 , 0.000558169 , 0.000398692 , 0.000637908 , 12541
0.000715934 , 0.000556837 , 0.000397741 , 0.000636385 , 12571
0.000714229 , 0.000555511 , 0.000396794 , 0.00063487 , 12601
0.000712533 , 0.000554192 , 0.000395851 , 0.000633362 , 12631
0.000710844 , 0.000552879 , 0.000394914 , 0.000631862 , 12661
0.000709164 , 0.000551572 , 0.00039398 , 0.000630368 , 12691
0.000707492 , 0.000550271 , 0.000393051 , 0.000628881 , 12721
0.000705827 , 0.000548977 , 0.000392126 , 0.000627402 , 12751
0.00070417 , 0.000547688 , 0.000391206 , 0.000625929 , 12781
0.000702521 , 0.000546405 , 0.00039029 , 0.000624463 , 12811
0.00070088 , 0.000545129 , 0.000389378 , 0.000623004 , 12841
0.000699246 , 0.000543858 , 0.00038847 , 0.000621552 , 12871
0.00069762 , 0.000620107 , 0.000387567 , 0.000620107 , 12901
0.000696002 , 0.000618668 , 0.000386668 , 0.000618668 , 12931
0.000694391 , 0.000617236 , 0.000385773 , 0.000617236 , 12961
0.000692787 , 0.000615811 , 0.000384882 , 0.000615811 , 12991
0.000691191 , 0.000614392 , 0.000383995 , 0.000614392 , 13021
0.000689602 , 0.00061298 , 0.000383112 , 0.00061298 , 13051
0.000688021 , 0.000611574 , 0.000382234 , 0.000611574 , 13081
0.000686446 , 0.000610175 , 0.000381359 , 0.000610175 , 13111
0.000684879 , 0.000608782 , 0.000380489 , 0.000608782 , 13141
0.000683319 , 0.000607395 , 0.000379622 , 0.000607395 , 13171
0.000681767 , 0.000606015 , 0.000378759 , 0.000606015 , 13201
0.000680221 , 0.000604641 , 0.0003779 , 0.000604641 , 13231
0.000678682 , 0.000603273 , 0.000377045 , 0.000603273 , 13261
0.00067715 , 0.000601911 , 0.000376194 , 0.000601911 , 13291
0.000675625 , 0.000600556 , 0.000375347 , 0.000600556 , 13321
0.000674107 , 0.000599206 , 0.000374504 , 0.000599206 , 13351
0.000672595 , 0.000597863 , 0.000373664 , 0.000597863 , 13381
0.000671091 , 0.000596525 , 0.000372828 , 0.000596525 , 13411
0.000743992 , 0.000595194 , 0.000371996 , 0.000595194 , 13441
0.000742335 , 0.000593868 , 0.000371168 , 0.000593868 , 13471
0.000740686 , 0.000592549 , 0.000370343 , 0.000592549 , 13501
0.000739044 , 0.000591235 , 0.000369522 , 0.000665139 , 13531
0.000737409 , 0.000589927 , 0.000368704 , 0.000663668 , 13561
0.000735781 , 0.000588625 , 0.000367891 , 0.000662203 , 13591
0.00073416 , 0.000587328 , 0.00036708 , 0.000660744 , 13621
0.000732547 , 0.000586038 , 0.000366274 , 0.000659292 , 13651
0.000730941 , 0.000584753 , 0.00036547 , 0.000657847 , 13681
0.000729341 , 0.000583473 , 0.000364671 , 0.000656407 , 13711
0.000727749 , 0.000582199 , 0.000363875 , 0.000654974 , 13741
0.000726164 , 0.000580931 , 0.000363082 , 0.000653547 , 13771
0.000724585 , 0.000579668 , 0.000362293 , 0.000652127 , 13801
0.000723014 , 0.000578411 , 0.000361507 , 0.000650712 , 13831
0.000721449 , 0.000577159 , 0.000360724 , 0.000649304 , 13861
0.000719891 , 0.000575912 , 0.000359945 , 0.000647901 , 13891
0.000718339 , 0.000574671 , 0.00035917 , 0.000646505 , 13921
0.000716795 , 0.000573436 , 0.000358397 , 0.000645115 , 13951
0.000715256 , 0.000572205 , 0.000357628 , 0.000643731 , 13981
0.000713725 , 0.00057098 , 0.000356862 , 0.000642352 , 14011
0.0007122 , 0.00056976 , 0.0003561 , 0.00064098 , 14041
0.000710682 , 0.000568545 , 0.000355341 , 0.000639613 , 14071
0.00070917 , 0.000567336 , 0.000354585 , 0.000638253 , 14101
0.000707664 , 0.000566131 , 0.000353832 , 0.000636898 , 14131
0.000706165 , 0.000564932 , 0.000353082 , 0.000635548 , 14161
0.000704672 , 0.000563738 , 0.000352336 , 0.000634205 , 14191
0.000703185 , 0.000562548 , 0.000351593 , 0.000632867 , 14221
0.000701705 , 0.000561364 , 0.000350853 , 0.000631535 , 14251
0.000700231 , 0.000560185 , 0.000350116 , 0.000630208 , 14281
0.000698763 , 0.000559011 , 0.000349382 , 0.000628887 , 14311
0.000697301 , 0.000557841 , 0.000348651 , 0.000627571 , 14341
0.000695846 , 0.000556677 , 0.000347923 , 0.000626261 , 14371
0.000694396 , 0.000555517 , 0.000347198 , 0.000624957 , 14401
0.000692953 , 0.000554362 , 0.000346476 , 0.000623657 , 14431
0.000691515 , 0.000553212 , 0.000345758 , 0.000622364 , 14461
0.000690083 , 0.000552067 , 0.000345042 , 0.000621075 , 14491
0.000688658 , 0.000550926 , 0.000344329 , 0.000688658 , 14521
0.000687238 , 0.00054979 , 0.000343619 , 0.000687238 , 14551
0.000685824 , 0.000548659 , 0.000342912 , 0.000685824 , 14581
0.000684416 , 0.000547533 , 0.000342208 , 0.000684416 , 14611
0.000683013 , 0.000546411 , 0.000341507 , 0.000683013 , 14641
0.000681617 , 0.000545293 , 0.000340808 , 0.000681617 , 14671
0.000680226 , 0.000544181 , 0.000340113 , 0.000680226 , 14701
0.000678841 , 0.000543072 , 0.00033942 , 0.000678841 , 14731
0.000677461 , 0.000541969 , 0.00033873 , 0.000677461 , 14761
0.000676087 , 0.000540869 , 0.000338043 , 0.000676087 , 14791
0.000674718 , 0.000539775 , 0.000337359 , 0.000674718 , 14821
0.000673355 , 0.000538684 , 0.000336678 , 0.000673355 , 14851
0.000671998 , 0.000537598 , 0.000335999 , 0.000671998 , 14881
0.000670646 , 0.000536517 , 0.000335323 , 0.000670646 , 14911
0.000669299 , 0.000535439 , 0.00040158 , 0.000669299 , 14941
0.000667958 , 0.000534366 , 0.000400775 , 0.000667958 , 14971
0.000666622 , 0.000533298 , 0.000399973 , 0.000666622 , 15001
0.000665292 , 0.000532233 , 0.000399175 , 0.000665292 , 15031
0.000663967 , 0.000531173 , 0.00039838 , 0.000663967 , 15061
0.000662647 , 0.000530117 , 0.000397588 , 0.000662647 , 15091
0.000661332 , 0.000529066 , 0.000396799 , 0.000661332 , 15121
0.000660022 , 0.000528018 , 0.000396013 , 0.000660022 , 15151
0.000658718 , 0.000526975 , 0.000395231 , 0.000658718 , 15181
0.000657419 , 0.000525935 , 0.000394451 , 0.000657419 , 15211
0.000656125 , 0.0005249 , 0.000393675 , 0.000656125 , 15241
0.000654836 , 0.000523869 , 0.000392902 , 0.000654836 , 15271
0.000653552 , 0.000522842 , 0.000392131 , 0.000653552 , 15301
0.000652273 , 0.000521819 , 0.000391364 , 0.000652273 , 15331
0.000650999 , 0.000520799 , 0.0003906 , 0.000650999 , 15361
0.00064973 , 0.000519784 , 0.000389838 , 0.00064973 , 15391
0.000648466 , 0.000518773 , 0.00038908 , 0.000648466 , 15421
0.000647207 , 0.000517766 , 0.000388324 , 0.000647207 , 15451
0.000645953 , 0.000516762 , 0.000387572 , 0.000645953 , 15481
0.000644704 , 0.000515763 , 0.000386822 , 0.000644704 , 15511
0.000643459 , 0.000514767 , 0.000386076 , 0.000643459 , 15541
0.00064222 , 0.000513776 , 0.000385332 , 0.00064222 , 15571
0.000640985 , 0.000512788 , 0.000384591 , 0.000640985 , 15601
0.000639754 , 0.000511803 , 0.000383853 , 0.000639754 , 15631
0.000638529 , 0.000510823 , 0.000383117 , 0.000638529 , 15661
0.000637308 , 0.000509846 , 0.000382385 , 0.000637308 , 15691
0.000636092 , 0.000508873 , 0.000381655 , 0.000636092 , 15721
0.00063488 , 0.000507904 , 0.000380928 , 0.00063488 , 15751
0.000633673 , 0.000506939 , 0.000380204 , 0.000633673 , 15781
0.000632471 , 0.000505977 , 0.000379483 , 0.000632471 , 15811
0.000631273 , 0.000505019 , 0.000378764 , 0.000631273 , 15841
0.00063008 , 0.000504064 , 0.000378048 , 0.00063008 , 15871
0.000628891 , 0.000503113 , 0.000377335 , 0.000628891 , 15901
0.000627707 , 0.000502166 , 0.000376624 , 0.000627707 , 15931
0.000626527 , 0.000501222 , 0.000375916 , 0.000626527 , 15961
0.000625352 , 0.000500281 , 0.000375211 , 0.000625352 , 15991
0.000624181 , 0.000499345 , 0.000374508 , 0.000624181 , 16021
0.000623014 , 0.000498411 , 0.000373808 , 0.000623014 , 16051
0.000621852 , 0.000497481 , 0.000373111 , 0.000621852 , 16081
0.000620694 , 0.000496555 , 0.000372416 , 0.000620694 , 16111
0.00061954 , 0.000495632 , 0.000371724 , 0.00061954 , 16141
0.000618391 , 0.000494713 , 0.000371035 , 0.000618391 , 16171
0.00067897 , 0.000493797 , 0.000432072 , 0.000617246 , 16201
0.000677715 , 0.000492884 , 0.000492884 , 0.000616105 , 16231
0.000676465 , 0.000491975 , 0.000491975 , 0.000614968 , 16261
0.000675219 , 0.000491069 , 0.000491069 , 0.000613836 , 16291
0.000673978 , 0.000490166 , 0.000490166 , 0.000612708 , 16321
0.000672742 , 0.000489267 , 0.000489267 , 0.000611583 , 16351
0.00067151 , 0.000488371 , 0.000488371 , 0.000610463 , 16381
0.000670282 , 0.000487478 , 0.000487478 , 0.000609347 , 16411
0.000669059 , 0.000486588 , 0.000486588 , 0.000608235 , 16441
0.00066784 , 0.000485702 , 0.000485702 , 0.000607128 , 16471
0.000666626 , 0.000484819 , 0.000484819 , 0.000606024 , 16501
0.000665416 , 0.000483939 , 0.000483939 , 0.000604924 , 16531
0.000664211 , 0.000543445 , 0.000483063 , 0.000603828 , 16561
0.00066301 , 0.000542463 , 0.000482189 , 0.000602736 , 16591
0.000661813 , 0.000541484 , 0.000481319 , 0.000601649 , 16621
0.000660621 , 0.000540508 , 0.000480452 , 0.000600565 , 16651
0.000659433 , 0.000539536 , 0.000479588 , 0.000599484 , 16681
0.000658249 , 0.000538567 , 0.000478727 , 0.000598408 , 16711
0.000657069 , 0.000537602 , 0.000477869 , 0.000597336 , 16741
0.000655894 , 0.000536641 , 0.000477014 , 0.000596267 , 16771
0.000654723 , 0.000535682 , 0.000476162 , 0.000595203 , 16801
0.000653556 , 0.000534728 , 0.000475313 , 0.000594142 , 16831
0.000711702 , 0.000533776 , 0.000474468 , 0.000593085 , 16861
0.000710438 , 0.000532828 , 0.000473625 , 0.000592031 , 16891
0.000768276 , 0.000531883 , 0.000472785 , 0.000590982 , 16921
0.000766916 , 0.000530942 , 0.000471949 , 0.000589936 , 16951
0.000765562 , 0.000530004 , 0.000471115 , 0.000588893 , 16981
0.000764211 , 0.000529069 , 0.000470284 , 0.000587855 , 17011
0.000762866 , 0.000528138 , 0.000469456 , 0.00058682 , 17041
0.000761525 , 0.00052721 , 0.000468631 , 0.000585789 , 17071
0.000760189 , 0.000526285 , 0.000467809 , 0.000584761 , 17101
0.000758858 , 0.000525363 , 0.000525363 , 0.000583737 , 17131
0.000757532 , 0.000524445 , 0.000524445 , 0.000582717 , 17161
0.00075621 , 0.00052353 , 0.00052353 , 0.0005817 , 17191
0.000754892 , 0.000522618 , 0.000522618 , 0.000580686 , 17221
0.000753579 , 0.000521709 , 0.000521709 , 0.000579677 , 17251
0.000752271 , 0.000520803 , 0.000520803 , 0.00057867 , 17281
0.000750968 , 0.000519901 , 0.000519901 , 0.000577667 , 17311
0.000749668 , 0.000519001 , 0.000519001 , 0.000576668 , 17341
0.000748374 , 0.000518105 , 0.000518105 , 0.000575672 , 17371
0.000747084 , 0.000517212 , 0.000517212 , 0.00057468 , 17401
0.000745798 , 0.000516322 , 0.000573691 , 0.000573691 , 17431
0.000744516 , 0.000515434 , 0.000572705 , 0.000572705 , 17461
0.000743239 , 0.00051455 , 0.000571723 , 0.000571723 , 17491
0.000741967 , 0.000513669 , 0.000570744 , 0.000627818 , 17521
0.000740699 , 0.000512791 , 0.000569768 , 0.000626745 , 17551
0.000739435 , 0.000511916 , 0.000568796 , 0.000625675 , 17581
0.000738175 , 0.000511044 , 0.000567827 , 0.00062461 , 17611
0.00073692 , 0.000510175 , 0.000566861 , 0.000623547 , 17641
0.000735669 , 0.000509309 , 0.000565899 , 0.000622489 , 17671
0.000734422 , 0.000508446 , 0.00056494 , 0.000621434 , 17701
0.000733179 , 0.000507586 , 0.000563984 , 0.000620382 , 17731
0.000731941 , 0.000506728 , 0.000563031 , 0.000619335 , 17761
0.000730707 , 0.000505874 , 0.000562082 , 0.00061829 , 17791
0.000729476 , 0.000505022 , 0.000561136 , 0.000617249 , 17821
0.000728251 , 0.000504173 , 0.000560193 , 0.000616212 , 17851
0.000727029 , 0.000503328 , 0.000559253 , 0.000615178 , 17881
0.000725811 , 0.000502485 , 0.000558316 , 0.000614148 , 17911
0.000724597 , 0.000501644 , 0.000557383 , 0.000613121 , 17941
0.000723388 , 0.000500807 , 0.000556452 , 0.000612097 , 17971
0.000722182 , 0.000499972 , 0.000555525 , 0.000611077 , 18001
0.000720981 , 0.00049914 , 0.0005546 , 0.00061006 , 18031
0.000719783 , 0.000498311 , 0.000553679 , 0.000609047 , 18061
0.000718589 , 0.000497485 , 0.000552761 , 0.000608037 , 18091
0.0007174 , 0.000496661 , 0.000551846 , 0.000607031 , 18121
0.000716214 , 0.00049584 , 0.000550934 , 0.000606027 , 18151
0.000715032 , 0.000495022 , 0.000550025 , 0.000605027 , 18181
0.000713854 , 0.000494207 , 0.000549119 , 0.000604031 , 18211
0.00071268 , 0.000493394 , 0.000548216 , 0.000603037 , 18241
0.00071151 , 0.000492584 , 0.000547315 , 0.000602047 , 18271
0.000710344 , 0.000491776 , 0.000546418 , 0.00060106 , 18301
0.000709181 , 0.000490972 , 0.000545524 , 0.000600076 , 18331
0.000708022 , 0.000490169 , 0.000544633 , 0.000599096 , 18361
0.000706867 , 0.00048937 , 0.000543744 , 0.000598119 , 18391
0.000705716 , 0.000488573 , 0.000542859 , 0.000597145 , 18421
0.000704569 , 0.000487778 , 0.000541976 , 0.000596174 , 18451
0.000703425 , 0.000486987 , 0.000541096 , 0.000595206 , 18481
0.000702285 , 0.000486197 , 0.000540219 , 0.000594241 , 18511
0.000701149 , 0.000485411 , 0.000539345 , 0.00059328 , 18541
0.000700016 , 0.000484627 , 0.000538474 , 0.000592321 , 18571
0.000698887 , 0.000483845 , 0.000537605 , 0.000591366 , 18601
0.000697762 , 0.000483066 , 0.00053674 , 0.000590414 , 18631
0.00069664 , 0.000482289 , 0.000535877 , 0.000589465 , 18661
0.000695522 , 0.000535017 , 0.000535017 , 0.000588519 , 18691
0.000747823 , 0.000534159 , 0.000534159 , 0.000587575 , 18721
0.000746627 , 0.000533305 , 0.000533305 , 0.000586635 , 18751
0.000745434 , 0.000532453 , 0.000532453 , 0.000585698 , 18781
0.000744245 , 0.000531604 , 0.000531604 , 0.000584764 , 18811
0.00074306 , 0.000530757 , 0.000530757 , 0.000583833 , 18841
0.000741879 , 0.000529914 , 0.000529914 , 0.000582905 , 18871
0.000740702 , 0.000529073 , 0.000529073 , 0.00058198 , 18901
0.000739528 , 0.000528234 , 0.000528234 , 0.000581058 , 18931
0.000738358 , 0.000527398 , 0.000527398 , 0.000580138 , 18961
0.000737191 , 0.000579222 , 0.000526565 , 0.000579222 , 18991
0.000736029 , 0.000630882 , 0.000525735 , 0.000578308 , 19021
0.00073487 , 0.000629888 , 0.000524907 , 0.000577398 , 19051
0.000733714 , 0.000628898 , 0.000524082 , 0.00057649 , 19081
0.000732562 , 0.000627911 , 0.000523259 , 0.000575585 , 19111
0.000731414 , 0.000626926 , 0.000522439 , 0.000574683 , 19141
0.00073027 , 0.000625945 , 0.000521621 , 0.000573783 , 19171
0.000729129 , 0.000624967 , 0.000520806 , 0.000572887 , 19201
0.000727991 , 0.000623993 , 0.000519994 , 0.000571993 , 19231
0.000726857 , 0.000623021 , 0.000519184 , 0.000571102 , 19261
0.000725727 , 0.000622052 , 0.000518376 , 0.000570214 , 19291
0.0007246 , 0.000621086 , 0.000517572 , 0.000569329 , 19321
0.000723477 , 0.000620123 , 0.000516769 , 0.000568446 , 19351
0.000722357 , 0.000619163 , 0.000515969 , 0.000619163 , 19381
0.000721241 , 0.000618206 , 0.000515172 , 0.000618206 , 19411
0.000720128 , 0.000617252 , 0.000514377 , 0.000617252 , 19441
0.000719018 , 0.000616301 , 0.000513584 , 0.000616301 , 19471
0.000717912 , 0.000615353 , 0.000512794 , 0.000615353 , 19501
0.000716809 , 0.000614408 , 0.000512007 , 0.000614408 , 19531
0.00071571 , 0.000613466 , 0.000511221 , 0.000613466 , 19561
0.000714614 , 0.000612526 , 0.000510438 , 0.000612526 , 19591
0.000713521 , 0.00061159 , 0.000509658 , 0.00061159 , 19621
0.000712432 , 0.000610656 , 0.00050888 , 0.000610656 , 19651
0.000711346 , 0.000609725 , 0.000508104 , 0.000609725 , 19681
0.000710263 , 0.000608797 , 0.000507331 , 0.000608797 , 19711
0.000709184 , 0.000607872 , 0.00050656 , 0.000607872 , 19741
0.000708108 , 0.00060695 , 0.000505791 , 0.00060695 , 19771
0.000707035 , 0.00060603 , 0.000505025 , 0.00060603 , 19801
0.000705965 , 0.000605113 , 0.000504261 , 0.000605113 , 19831
0.000704899 , 0.000604199 , 0.000503499 , 0.000604199 , 19861
0.000703836 , 0.000603288 , 0.00050274 , 0.000603288 , 19891
0.000702776 , 0.000602379 , 0.000501983 , 0.000602379 , 19921
0.000701719 , 0.000601474 , 0.000501228 , 0.000601474 , 19951
0.000700666 , 0.000600571 , 0.000500475 , 0.000600571 , 19981
0.000699615 , 0.00059967 , 0.000499725 , 0.00059967 , 20011
0.000698568 , 0.000598773 , 0.000498977 , 0.000598773 , 20041
0.000697524 , 0.000597878 , 0.000498231 , 0.000597878 , 20071
0.000696483 , 0.000596985 , 0.000497488 , 0.000596985 , 20101
0.000695445 , 0.000596096 , 0.000496746 , 0.000596096 , 20131
0.00069441 , 0.000595209 , 0.000496007 , 0.000595209 , 20161
0.000693378 , 0.000594324 , 0.00049527 , 0.000594324 , 20191
0.00069235 , 0.000593442 , 0.000494535 , 0.000593442 , 20221
0.000691324 , 0.000592563 , 0.000493803 , 0.000592563 , 20251
0.000690301 , 0.000591687 , 0.000493072 , 0.000591687 , 20281
0.000689282 , 0.000590813 , 0.000492344 , 0.000590813 , 20311
0.000688265 , 0.000589942 , 0.000491618 , 0.000589942 , 20341
0.000687252 , 0.000589073 , 0.000490894 , 0.000589073 , 20371
0.000686241 , 0.000588206 , 0.000490172 , 0.000588206 , 20401
0.000685233 , 0.000587343 , 0.000489452 , 0.000587343 , 20431
0.000684229 , 0.000586482 , 0.000488735 , 0.000586482 , 20461
0.000683227 , 0.000585623 , 0.000488019 , 0.000585623 , 20491
0.000682228 , 0.000584767 , 0.000487306 , 0.000584767 , 20521
0.000681232 , 0.000583913 , 0.000486594 , 0.000583913 , 20551
0.000680239 , 0.000583062 , 0.000485885 , 0.000583062 , 20581
0.000679249 , 0.000582213 , 0.000485178 , 0.000582213 , 20611
0.000678262 , 0.000581367 , 0.000484473 , 0.000581367 , 20641
0.000677277 , 0.000580523 , 0.00048377 , 0.000580523 , 20671
0.000676296 , 0.000579682 , 0.000483068 , 0.000579682 , 20701
0.000675317 , 0.000578843 , 0.000482369 , 0.000578843 , 20731
0.000674341 , 0.000578007 , 0.000481672 , 0.000578007 , 20761
0.000673368 , 0.000577173 , 0.000480977 , 0.000577173 , 20791
0.000672398 , 0.000576341 , 0.000480284 , 0.000576341 , 20821
0.000671431 , 0.000623471 , 0.000479593 , 0.000575512 , 20851
0.000670466 , 0.000622576 , 0.000478904 , 0.000574685 , 20881
0.000669504 , 0.000621682 , 0.000478217 , 0.000573861 , 20911
0.000668545 , 0.000620792 , 0.000477532 , 0.000573039 , 20941
0.000667589 , 0.000619904 , 0.000476849 , 0.000572219 , 20971
0.000666635 , 0.000619018 , 0.000476168 , 0.000571401 , 21001
0.000665684 , 0.000618135 , 0.000475489 , 0.000570586 , 21031
0.000664736 , 0.000617255 , 0.000474811 , 0.000569773 , 21061
0.00066379 , 0.000616377 , 0.000474136 , 0.000568963 , 21091
0.000662847 , 0.000615501 , 0.000473462 , 0.000568155 , 21121
0.000661907 , 0.000614628 , 0.000472791 , 0.000567349 , 21151
0.00066097 , 0.000613758 , 0.000472121 , 0.000566545 , 21181
0.000660035 , 0.00061289 , 0.000471454 , 0.000565744 , 21211
0.000659103 , 0.000612024 , 0.000470788 , 0.000564945 , 21241
0.000658173 , 0.000611161 , 0.000470124 , 0.000564148 , 21271
0.000657246 , 0.0006103 , 0.000469462 , 0.000563354 , 21301
0.000656322 , 0.000609442 , 0.000468801 , 0.000562562 , 21331
0.0006554 , 0.000608586 , 0.000468143 , 0.000561771 , 21361
0.000654481 , 0.000607732 , 0.000467486 , 0.000560984 , 21391
0.000653564 , 0.000606881 , 0.000466832 , 0.000560198 , 21421
0.00065265 , 0.000606032 , 0.000466179 , 0.000559415 , 21451
0.000651739 , 0.000605186 , 0.000465528 , 0.000558633 , 21481
0.00065083 , 0.000604342 , 0.000464878 , 0.000557854 , 21511
0.000649923 , 0.0006035 , 0.000464231 , 0.000557077 , 21541
0.000649019 , 0.000602661 , 0.000463585 , 0.000556302 , 21571
0.000648118 , 0.000601824 , 0.000462942 , 0.00055553 , 21601
0.000647219 , 0.000600989 , 0.000462299 , 0.000554759 , 21631
0.000646323 , 0.000600157 , 0.000461659 , 0.000553991 , 21661
0.000645429 , 0.000599327 , 0.000461021 , 0.000553225 , 21691
0.000690576 , 0.000598499 , 0.000460384 , 0.000552461 , 21721
0.000689623 , 0.000597674 , 0.000459749 , 0.000551699 , 21751
0.000688674 , 0.00059685 , 0.000459116 , 0.000550939 , 21781
0.000687726 , 0.00059603 , 0.000458484 , 0.000550181 , 21811
0.000686782 , 0.000595211 , 0.000457855 , 0.000549425 , 21841
0.00068584 , 0.000594394 , 0.000457226 , 0.000548672 , 21871
0.0006849 , 0.00059358 , 0.0004566 , 0.00054792 , 21901
0.000683963 , 0.000592768 , 0.000455976 , 0.000547171 , 21931
0.000683029 , 0.000591958 , 0.000455353 , 0.000546423 , 21961
0.000682097 , 0.000591151 , 0.000454731 , 0.000545678 , 21991
0.000726579 , 0.000590346 , 0.000454112 , 0.000544934 , 22021
0.000725591 , 0.000589542 , 0.000453494 , 0.000544193 , 22051
0.000724605 , 0.000588741 , 0.000452878 , 0.000543454 , 22081
0.000723622 , 0.000587943 , 0.000452264 , 0.000542716 , 22111
0.000722641 , 0.000587146 , 0.000451651 , 0.000541981 , 22141
0.000721663 , 0.000586352 , 0.00045104 , 0.000541248 , 22171
0.000720688 , 0.000585559 , 0.00045043 , 0.000540516 , 22201
0.000719716 , 0.000584769 , 0.000449822 , 0.000539787 , 22231
0.000718746 , 0.000583981 , 0.000449216 , 0.000539059 , 22261
0.000717778 , 0.000583195 , 0.000448612 , 0.000538334 , 22291
0.000716814 , 0.000582411 , 0.000448009 , 0.00053761 , 22321
0.000715852 , 0.000581629 , 0.000447407 , 0.000536889 , 22351
0.000714892 , 0.00058085 , 0.000446808 , 0.000536169 , 22381
0.000713935 , 0.000580072 , 0.000446209 , 0.000535451 , 22411
0.000712981 , 0.000579297 , 0.000445613 , 0.000534736 , 22441
0.000712029 , 0.000578523 , 0.000445018 , 0.000534022 , 22471
0.00071108 , 0.000577752 , 0.000444425 , 0.00053331 , 22501
0.000710133 , 0.000576983 , 0.000443833 , 0.0005326 , 22531
0.000709188 , 0.000576216 , 0.000443243 , 0.000531891 , 22561
0.000708247 , 0.00057545 , 0.000442654 , 0.00057545 , 22591
0.000707307 , 0.000574687 , 0.000442067 , 0.000574687 , 22621
0.000706371 , 0.000573926 , 0.000441482 , 0.000573926 , 22651
0.000705436 , 0.000573167 , 0.000440898 , 0.000573167 , 22681
0.000704504 , 0.00057241 , 0.000440315 , 0.00057241 , 22711
0.000703575 , 0.000571655 , 0.000439734 , 0.000571655 , 22741
0.000702648 , 0.000570902 , 0.000439155 , 0.000570902 , 22771
0.000701724 , 0.00057015 , 0.000438577 , 0.00057015 , 22801
0.000700802 , 0.000569401 , 0.000438001 , 0.000569401 , 22831
0.000699882 , 0.000568654 , 0.000437426 , 0.000568654 , 22861
0.000698965 , 0.000567909 , 0.000436853 , 0.000567909 , 22891
0.00069805 , 0.000567165 , 0.000436281 , 0.000567165 , 22921
0.000697137 , 0.000566424 , 0.000435711 , 0.000566424 , 22951
0.000696227 , 0.000565685 , 0.000435142 , 0.000565685 , 22981
0.00069532 , 0.000564947 , 0.000434575 , 0.000564947 , 23011
0.000694414 , 0.000564212 , 0.000434009 , 0.000564212 , 23041
0.000693511 , 0.000563478 , 0.000433445 , 0.000563478 , 23071
0.000692611 , 0.000562746 , 0.000432882 , 0.000562746 , 23101
0.000691712 , 0.000562016 , 0.00043232 , 0.000562016 , 23131
0.000690816 , 0.000561288 , 0.00043176 , 0.000561288 , 23161
0.000689923 , 0.000560562 , 0.000431202 , 0.000560562 , 23191
0.000689031 , 0.000559838 , 0.000430645 , 0.000559838 , 23221
0.000688142 , 0.000559116 , 0.000430089 , 0.000559116 , 23251
0.000687256 , 0.000558395 , 0.000429535 , 0.000558395 , 23281
0.000686371 , 0.000557677 , 0.000428982 , 0.000557677 , 23311
0.000685489 , 0.00055696 , 0.000428431 , 0.00055696 , 23341
0.000684609 , 0.000556245 , 0.000427881 , 0.000556245 , 23371
0.000683731 , 0.000555532 , 0.000427332 , 0.000555532 , 23401
0.000682856 , 0.000554821 , 0.000426785 , 0.000554821 , 23431
0.000681983 , 0.000554111 , 0.000426239 , 0.000554111 , 23461
0.000681112 , 0.000553403 , 0.000425695 , 0.000553403 , 23491
0.000680243 , 0.000552698 , 0.000425152 , 0.000552698 , 23521
0.000679377 , 0.000551994 , 0.00042461 , 0.000551994 , 23551
0.000678512 , 0.000551291 , 0.00042407 , 0.000551291 , 23581
0.00067765 , 0.000550591 , 0.000423531 , 0.000550591 , 23611
0.00067679 , 0.000549892 , 0.000422994 , 0.000549892 , 23641
0.000675933 , 0.000549195 , 0.000422458 , 0.000549195 , 23671
0.000675077 , 0.0005485 , 0.000421923 , 0.0005485 , 23701
0.000674224 , 0.000547807 , 0.00042139 , 0.000547807 , 23731
0.000673372 , 0.000547115 , 0.000420858 , 0.000547115 , 23761
0.000672523 , 0.000546425 , 0.000420327 , 0.000546425 , 23791
0.000671676 , 0.000545737 , 0.000461777 , 0.000545737 , 23821
0.000670831 , 0.000545051 , 0.000461197 , 0.000545051 , 23851
0.000669989 , 0.000544366 , 0.000460617 , 0.000544366 , 23881
0.000669148 , 0.000543683 , 0.000460039 , 0.000543683 , 23911
0.00066831 , 0.000543002 , 0.000459463 , 0.000543002 , 23941
0.000667473 , 0.000542322 , 0.000458888 , 0.000542322 , 23971
0.000666639 , 0.000541644 , 0.000458314 , 0.000541644 , 24001
0.000665807 , 0.000540968 , 0.000499355 , 0.000540968 , 24031
0.000664977 , 0.000540293 , 0.000498732 , 0.000540293 , 24061
0.000664148 , 0.000539621 , 0.000498111 , 0.000539621 , 24091
0.000663322 , 0.000538949 , 0.000497492 , 0.000538949 , 24121
0.000662498 , 0.00053828 , 0.000496874 , 0.00053828 , 24151
0.000661677 , 0.000537612 , 0.000496257 , 0.000537612 , 24181
0.000660857 , 0.000536946 , 0.000495642 , 0.000536946 , 24211
0.000660039 , 0.000536281 , 0.000536281 , 0.000536281 , 24241
0.000659223 , 0.000535619 , 0.000535619 , 0.000535619 , 24271
0.000658409 , 0.000534957 , 0.000534957 , 0.000534957 , 24301
0.000657597 , 0.000534298 , 0.000534298 , 0.000534298 , 24331
0.000656787 , 0.00053364 , 0.00053364 , 0.00053364 , 24361
0.000696978 , 0.000532983 , 0.000573982 , 0.000532983 , 24391
0.000696122 , 0.000532329 , 0.000573277 , 0.000532329 , 24421
0.000695268 , 0.000531676 , 0.000572574 , 0.000531676 , 24451
0.000694416 , 0.000531024 , 0.000571872 , 0.000531024 , 24481
0.000693566 , 0.000530374 , 0.000571172 , 0.000530374 , 24511
0.000692718 , 0.000529726 , 0.000570474 , 0.000529726 , 24541
0.000691873 , 0.000529079 , 0.000569777 , 0.000529079 , 24571
0.000691029 , 0.000528434 , 0.000569083 , 0.000528434 , 24601
0.000690187 , 0.00052779 , 0.000568389 , 0.00052779 , 24631
0.000689348 , 0.000527148 , 0.000567698 , 0.000527148 , 24661
0.00068851 , 0.000526508 , 0.000567008 , 0.000526508 , 24691
0.000687674 , 0.000525869 , 0.00056632 , 0.000525869 , 24721
0.000686841 , 0.000525231 , 0.000565634 , 0.000525231 , 24751
0.000686009 , 0.000524595 , 0.000564949 , 0.000524595 , 24781
0.00068518 , 0.000523961 , 0.000564266 , 0.000523961 , 24811
0.000684352 , 0.000523328 , 0.000563584 , 0.000523328 , 24841
0.000683527 , 0.000522697 , 0.000562905 , 0.000522697 , 24871
0.000682704 , 0.000522067 , 0.000562226 , 0.000522067 , 24901
0.000681882 , 0.000521439 , 0.00056155 , 0.000521439 , 24931
0.000681062 , 0.000520812 , 0.000560875 , 0.000520812 , 24961
0.000680245 , 0.000520187 , 0.000560202 , 0.000520187 , 24991
0.000679429 , 0.000519564 , 0.00055953 , 0.000519564 , 25021
0.000678616 , 0.000518941 , 0.00055886 , 0.000518941 , 25051
0.000677804 , 0.000518321 , 0.000558191 , 0.000518321 , 25081
0.000676994 , 0.000517701 , 0.000557525 , 0.000517701 , 25111
0.000676186 , 0.000517084 , 0.000556859 , 0.000517084 , 25141
0.00067538 , 0.000516467 , 0.000556196 , 0.000516467 , 25171
0.000674576 , 0.000515853 , 0.000555534 , 0.000515853 , 25201
0.000673774 , 0.000515239 , 0.000554873 , 0.000515239 , 25231
0.000672974 , 0.000514627 , 0.000554214 , 0.000514627 , 25261
0.000672176 , 0.000514017 , 0.000553557 , 0.000514017 , 25291
0.00067138 , 0.000513408 , 0.000552901 , 0.000513408 , 25321
0.000670585 , 0.0005128 , 0.000552246 , 0.0005128 , 25351
0.000669792 , 0.000551594 , 0.000551594 , 0.000512194 , 25381
0.000669002 , 0.000550942 , 0.000550942 , 0.000511589 , 25411
0.000668213 , 0.000550293 , 0.000550293 , 0.000510986 , 25441
0.000667426 , 0.000549645 , 0.000549645 , 0.000510384 , 25471
0.000666641 , 0.000548998 , 0.000548998 , 0.000509784 , 25501
0.000665857 , 0.000548353 , 0.000548353 , 0.000509185 , 25531
0.000665076 , 0.000547709 , 0.000547709 , 0.000508587 , 25561
0.000664296 , 0.000547067 , 0.000547067 , 0.000507991 , 25591
0.000663518 , 0.000546427 , 0.000546427 , 0.000507396 , 25621
0.000662742 , 0.000545788 , 0.000545788 , 0.000506803 , 25651
0.000661968 , 0.00054515 , 0.00054515 , 0.000506211 , 25681
0.000661196 , 0.000544514 , 0.000544514 , 0.00050562 , 25711
0.000660425 , 0.000543879 , 0.000543879 , 0.000505031 , 25741
0.000659656 , 0.000543246 , 0.000543246 , 0.000504443 , 25771
0.000658889 , 0.000542615 , 0.000542615 , 0.000503856 , 25801
0.000658124 , 0.000541984 , 0.000541984 , 0.000503271 , 25831
0.00065736 , 0.000541356 , 0.000541356 , 0.000502687 , 25861
0.000695222 , 0.000540728 , 0.000579352 , 0.000502105 , 25891
0.000694418 , 0.000540103 , 0.000578681 , 0.000501524 , 25921
0.000693615 , 0.000539478 , 0.000578012 , 0.000500944 , 25951
0.000692814 , 0.000538855 , 0.000577345 , 0.000500366 , 25981
0.000692015 , 0.000538234 , 0.000576679 , 0.000499789 , 26011
0.000691218 , 0.000537614 , 0.000576015 , 0.000499213 , 26041
0.000690422 , 0.000575352 , 0.000575352 , 0.000498638 , 26071
0.000689629 , 0.000574691 , 0.000574691 , 0.000498065 , 26101
0.000688837 , 0.000574031 , 0.000574031 , 0.000497493 , 26131
0.000688047 , 0.000573373 , 0.000573373 , 0.000496923 , 26161
0.000687259 , 0.000572716 , 0.000572716 , 0.000496354 , 26191
0.000686473 , 0.000572061 , 0.000572061 , 0.000495786 , 26221
0.000685688 , 0.000571407 , 0.000571407 , 0.000495219 , 26251
0.000684905 , 0.000570755 , 0.000570755 , 0.000494654 , 26281
