0 , 0 , 0 , 0 , 1
0.129032 , 0.0322581 , 0.0322581 , 0.0967742 , 31
0.0655738 , 0.131148 , 0.0163934 , 0.0983607 , 61
0.0879121 , 0.120879 , 0.043956 , 0.0989011 , 91
0.0909091 , 0.0991736 , 0.0743802 , 0.0826446 , 121
0.0728477 , 0.0927152 , 0.0728477 , 0.0794702 , 151
0.0607735 , 0.0828729 , 0.0607735 , 0.0994475 , 181
0.0663507 , 0.0805687 , 0.0616114 , 0.0900474 , 211
0.0705394 , 0.0705394 , 0.0580913 , 0.0912863 , 241
0.0627306 , 0.0701107 , 0.0553506 , 0.0885609 , 271
0.0564784 , 0.0697674 , 0.0531561 , 0.0863787 , 301
0.060423 , 0.0725076 , 0.0483384 , 0.0845921 , 331
0.066482 , 0.0692521 , 0.0470914 , 0.0775623 , 361
0.0639386 , 0.0741688 , 0.0485933 , 0.0716113 , 391
0.0688836 , 0.0688836 , 0.0451306 , 0.0712589 , 421
0.0709534 , 0.0643016 , 0.0443459 , 0.0687361 , 451
0.0686071 , 0.0686071 , 0.047817 , 0.0686071 , 481
0.0665362 , 0.072407 , 0.0469667 , 0.0665362 , 511
0.0683919 , 0.0720887 , 0.0462107 , 0.0628466 , 541
0.0683012 , 0.0700525 , 0.0472855 , 0.0595447 , 571
0.0665557 , 0.0698835 , 0.0499168 , 0.0615641 , 601
0.066561 , 0.0713154 , 0.0475436 , 0.0602219 , 631
0.0695915 , 0.0680787 , 0.0453858 , 0.0574887 , 661
0.0694645 , 0.0665702 , 0.0463097 , 0.0564399 , 691
0.0721221 , 0.0651872 , 0.0457698 , 0.0554785 , 721
0.0745672 , 0.0652463 , 0.045273 , 0.0532623 , 751
0.0729834 , 0.0653009 , 0.0448143 , 0.0512164 , 781
0.0727497 , 0.0641184 , 0.0443896 , 0.0517879 , 811
0.0701546 , 0.0630202 , 0.0428062 , 0.059453 , 841
0.0677382 , 0.0608496 , 0.0424799 , 0.0585534 , 871
0.0654828 , 0.0588235 , 0.0421754 , 0.0599334 , 901
0.0644468 , 0.0590763 , 0.0429646 , 0.0612245 , 931
0.0634755 , 0.057232 , 0.0457856 , 0.0613944 , 961
0.0635721 , 0.0554995 , 0.0474268 , 0.0595358 , 991
0.0636631 , 0.0538688 , 0.0489716 , 0.0607248 , 1021
0.0618459 , 0.0532826 , 0.0485252 , 0.0599429 , 1051
0.0629047 , 0.0518039 , 0.0499537 , 0.0610546 , 1081
0.0621062 , 0.0522052 , 0.0522052 , 0.060306 , 1111
0.0604733 , 0.0543383 , 0.0508326 , 0.0595968 , 1141
0.058924 , 0.0529462 , 0.0503843 , 0.0614859 , 1171
0.0574521 , 0.0541216 , 0.0491257 , 0.062448 , 1201
0.0568643 , 0.0528026 , 0.0495532 , 0.0617384 , 1231
0.0563045 , 0.0523394 , 0.0499603 , 0.0618557 , 1261
0.0557707 , 0.0518978 , 0.0487994 , 0.0619675 , 1291
0.0567752 , 0.0522332 , 0.0492051 , 0.0628312 , 1321
0.0562546 , 0.0518135 , 0.0488527 , 0.0621762 , 1351
0.0564808 , 0.0506879 , 0.0485156 , 0.0622737 , 1381
0.0559887 , 0.0503189 , 0.0481928 , 0.0616584 , 1411
0.055517 , 0.0492713 , 0.0499653 , 0.0610687 , 1441
0.0564242 , 0.0496261 , 0.0516655 , 0.0618627 , 1471
0.0572951 , 0.0499667 , 0.0519654 , 0.0606262 , 1501
0.0568256 , 0.0496408 , 0.0509471 , 0.0600914 , 1531
0.0570147 , 0.0518898 , 0.0512492 , 0.0602178 , 1561
0.0584538 , 0.052797 , 0.0502828 , 0.0609679 , 1591
0.0592227 , 0.0524368 , 0.0505861 , 0.0604565 , 1621
0.0587523 , 0.0520896 , 0.0496669 , 0.059358 , 1651
0.0582986 , 0.0523498 , 0.0487805 , 0.0600833 , 1681
0.0584454 , 0.0526008 , 0.0490941 , 0.0601987 , 1711
0.0591614 , 0.0516944 , 0.0488225 , 0.0597358 , 1741
0.0592885 , 0.0513834 , 0.0479955 , 0.0587239 , 1771
0.0583009 , 0.051638 , 0.0477512 , 0.0583009 , 1801
0.0578919 , 0.0540688 , 0.0480612 , 0.0573457 , 1831
0.0569586 , 0.0537346 , 0.0483611 , 0.0580333 , 1861
0.0565838 , 0.0534109 , 0.0481227 , 0.0581703 , 1891
0.0557002 , 0.0541385 , 0.0484123 , 0.058303 , 1921
0.0558688 , 0.0543311 , 0.0481804 , 0.0589441 , 1951
0.0555275 , 0.0540131 , 0.0479556 , 0.0585563 , 1981
0.0546992 , 0.0542019 , 0.0472402 , 0.0576827 , 2011
0.055855 , 0.0534052 , 0.0475257 , 0.0568349 , 2041
0.0564944 , 0.0535973 , 0.0487687 , 0.0564944 , 2071
0.0580676 , 0.052832 , 0.0504522 , 0.0571157 , 2101
0.0581886 , 0.0520882 , 0.0502112 , 0.0563116 , 2131
0.0573808 , 0.0518279 , 0.0495141 , 0.0578436 , 2161
0.0565952 , 0.052031 , 0.0488361 , 0.0570516 , 2191
0.0571815 , 0.0517785 , 0.0495272 , 0.0571815 , 2221
0.0573079 , 0.0510884 , 0.0497557 , 0.0568636 , 2251
0.057431 , 0.0508549 , 0.0495397 , 0.0565541 , 2281
0.0579836 , 0.0506274 , 0.0510601 , 0.0566854 , 2311
0.0572405 , 0.0512601 , 0.0504058 , 0.0572405 , 2341
0.056938 , 0.0510333 , 0.0501898 , 0.0577815 , 2371
0.0566431 , 0.0520616 , 0.0499792 , 0.0578925 , 2401
0.0567668 , 0.0518305 , 0.0505965 , 0.0580008 , 2431
0.0560748 , 0.051605 , 0.050386 , 0.0589191 , 2461
0.0562023 , 0.051385 , 0.0505821 , 0.0594139 , 2491
0.0559302 , 0.0531535 , 0.0499802 , 0.0591035 , 2521
0.0560564 , 0.0533124 , 0.0505684 , 0.0584085 , 2551
0.0569547 , 0.0526928 , 0.0503681 , 0.0577296 , 2581
0.0566833 , 0.0524703 , 0.0505553 , 0.0574493 , 2611
0.0560394 , 0.0522529 , 0.0499811 , 0.0571753 , 2641
0.05541 , 0.0524148 , 0.0497941 , 0.0572819 , 2671
0.055535 , 0.0525731 , 0.0496113 , 0.0566457 , 2701
0.0563896 , 0.0527279 , 0.0497986 , 0.0574881 , 2731
0.0565013 , 0.0525172 , 0.0499819 , 0.0575878 , 2761
0.0569688 , 0.052311 , 0.0505195 , 0.0573271 , 2791
0.057072 , 0.0521092 , 0.0499823 , 0.0581354 , 2821
0.0568222 , 0.0515609 , 0.0498071 , 0.0578744 , 2851
0.0565776 , 0.0513711 , 0.0492884 , 0.0576189 , 2881
0.0566816 , 0.0518722 , 0.0494675 , 0.0570251 , 2911
0.0567834 , 0.0516831 , 0.049303 , 0.0567834 , 2941
0.0568832 , 0.0514978 , 0.0494783 , 0.05621 , 2971
0.0573142 , 0.0516495 , 0.0499833 , 0.0559813 , 3001
0.0574068 , 0.0511382 , 0.0498185 , 0.0557572 , 3031
0.0571709 , 0.0509637 , 0.0493303 , 0.0558641 , 3061
0.0569395 , 0.0507926 , 0.0488515 , 0.0553219 , 3091
0.0567126 , 0.0512656 , 0.0490227 , 0.0551105 , 3121
0.0568074 , 0.0514123 , 0.0491907 , 0.0549032 , 3151
0.056586 , 0.0515561 , 0.0496699 , 0.0546998 , 3181
0.0566802 , 0.0516973 , 0.0501401 , 0.0545002 , 3211
0.0564641 , 0.0518359 , 0.0502931 , 0.0543042 , 3241
0.0562519 , 0.0516662 , 0.0504433 , 0.0538062 , 3271
0.0560436 , 0.0511966 , 0.0502878 , 0.0536201 , 3301
0.0555389 , 0.0510357 , 0.0498349 , 0.0540378 , 3331
0.0553407 , 0.0514728 , 0.0496876 , 0.0541506 , 3361
0.0554409 , 0.0519021 , 0.0495429 , 0.0539664 , 3391
0.0549547 , 0.0517393 , 0.0491084 , 0.0537854 , 3421
0.055636 , 0.051869 , 0.0492611 , 0.0538974 , 3451
0.0557311 , 0.0519966 , 0.0494111 , 0.0542947 , 3481
0.0558246 , 0.0518371 , 0.0498433 , 0.0541156 , 3511
0.0553516 , 0.0519627 , 0.0497035 , 0.0536572 , 3541
0.0551666 , 0.0518062 , 0.0495659 , 0.0546066 , 3571
0.0552624 , 0.0524854 , 0.049153 , 0.0544293 , 3601
0.0553567 , 0.0534288 , 0.0498485 , 0.0548058 , 3631
0.0554493 , 0.0538104 , 0.0499863 , 0.054903 , 3661
0.0552696 , 0.0533731 , 0.049851 , 0.0547277 , 3691
0.0567052 , 0.0529428 , 0.0502553 , 0.054824 , 3721
0.0567849 , 0.0533191 , 0.0503866 , 0.0543855 , 3751
0.0563343 , 0.0528961 , 0.0499868 , 0.0547474 , 3781
0.0564156 , 0.0527421 , 0.0501181 , 0.0545789 , 3811
0.0567561 , 0.0528508 , 0.0505077 , 0.055194 , 3841
0.0570912 , 0.0529579 , 0.0508912 , 0.0552829 , 3871
0.0571648 , 0.0530633 , 0.0507562 , 0.0548577 , 3901
0.056983 , 0.0531671 , 0.0506232 , 0.0546935 , 3931
0.0573088 , 0.0532694 , 0.0509972 , 0.0542792 , 3961
0.0571285 , 0.0533701 , 0.0518667 , 0.0541218 , 3991
0.056951 , 0.053718 , 0.0517284 , 0.0544641 , 4021
0.057023 , 0.0538139 , 0.0518391 , 0.0548013 , 4051
0.0568488 , 0.0534183 , 0.051458 , 0.0543984 , 4081
0.0569205 , 0.053515 , 0.0513257 , 0.0540015 , 4111
0.0569911 , 0.0531273 , 0.0511954 , 0.0538517 , 4141
0.0568209 , 0.0537041 , 0.0510669 , 0.0534644 , 4171
0.0571293 , 0.0533206 , 0.0514163 , 0.0540348 , 4201
0.0569605 , 0.0529426 , 0.0515245 , 0.0536516 , 4231
0.0565595 , 0.0528045 , 0.0511617 , 0.0537433 , 4261
0.0563971 , 0.0531345 , 0.0510371 , 0.0538336 , 4291
0.056237 , 0.052997 , 0.0509141 , 0.0536913 , 4321
0.0565387 , 0.0526316 , 0.0510228 , 0.0533211 , 4351
0.0561516 , 0.0524994 , 0.0506734 , 0.0531842 , 4381
0.0562231 , 0.0523691 , 0.0507821 , 0.0528225 , 4411
0.0565188 , 0.0524657 , 0.0506643 , 0.052916 , 4441
0.0563632 , 0.0521136 , 0.0503243 , 0.0532319 , 4471
0.0559876 , 0.0517663 , 0.0502111 , 0.0530993 , 4501
0.0560583 , 0.0514235 , 0.0507614 , 0.0529684 , 4531
0.0556895 , 0.0515238 , 0.0504275 , 0.0530585 , 4561
0.0557613 , 0.0516227 , 0.0507515 , 0.0529296 , 4591
0.0553993 , 0.051504 , 0.050422 , 0.052586 , 4621
0.0552569 , 0.0516018 , 0.0503118 , 0.0524618 , 4651
0.0553301 , 0.0514847 , 0.0504166 , 0.0523392 , 4681
0.0556145 , 0.0513691 , 0.0507323 , 0.0522182 , 4711
0.0561063 , 0.0510441 , 0.051255 , 0.0520987 , 4741
0.0561727 , 0.0511423 , 0.0511423 , 0.0517711 , 4771
0.0564466 , 0.0508227 , 0.0508227 , 0.0516559 , 4801
0.056303 , 0.0507141 , 0.0509211 , 0.0515421 , 4831
0.0561613 , 0.0506069 , 0.0506069 , 0.051224 , 4861
0.0562257 , 0.0505009 , 0.0505009 , 0.0515232 , 4891
0.0562894 , 0.050193 , 0.050193 , 0.0516155 , 4921
0.0565542 , 0.0504948 , 0.0498889 , 0.0521107 , 4951
0.0562136 , 0.050793 , 0.0495884 , 0.0528006 , 4981
0.0560766 , 0.0506885 , 0.0496907 , 0.0528837 , 5011
0.0567348 , 0.0505852 , 0.0499901 , 0.0533624 , 5041
0.0563991 , 0.0508775 , 0.0500887 , 0.0532439 , 5071
0.0562635 , 0.0511664 , 0.0497942 , 0.0533229 , 5101
0.0563243 , 0.0510622 , 0.0500877 , 0.053206 , 5131
0.0561907 , 0.0507654 , 0.0497966 , 0.0528967 , 5161
0.0564438 , 0.0506646 , 0.0497014 , 0.0527837 , 5191
0.0565026 , 0.0507566 , 0.0499904 , 0.0526719 , 5221
0.0563702 , 0.050657 , 0.0500857 , 0.0529423 , 5251
0.05605 , 0.0505586 , 0.0503692 , 0.0528309 , 5281
0.0564865 , 0.050273 , 0.0504613 , 0.0527208 , 5311
0.0563565 , 0.0505523 , 0.0503651 , 0.0531736 , 5341
0.0562279 , 0.05027 , 0.05027 , 0.0528766 , 5371
0.0562859 , 0.0507313 , 0.050361 , 0.052768 , 5401
0.0563432 , 0.0506352 , 0.0500829 , 0.0524765 , 5431
0.0560337 , 0.0507233 , 0.0498077 , 0.0523714 , 5461
0.0562739 , 0.0504462 , 0.0498998 , 0.0524495 , 5491
0.0559681 , 0.0505343 , 0.0498098 , 0.0523456 , 5521
0.0562061 , 0.0504414 , 0.0500811 , 0.0520627 , 5551
0.0562623 , 0.0503494 , 0.049991 , 0.0526787 , 5581
0.0564962 , 0.0500802 , 0.0502584 , 0.0525753 , 5611
0.0561957 , 0.0498139 , 0.0501684 , 0.0522957 , 5641
0.0560748 , 0.0497267 , 0.049903 , 0.0521954 , 5671
0.0559551 , 0.049465 , 0.0501666 , 0.0519207 , 5701
0.0556622 , 0.0492061 , 0.0504275 , 0.0519979 , 5731
0.0555459 , 0.049297 , 0.0503385 , 0.0520743 , 5761
0.0556035 , 0.0495597 , 0.0502504 , 0.0518045 , 5791
0.0558323 , 0.049476 , 0.0506786 , 0.0517093 , 5821
0.055717 , 0.0497351 , 0.0505896 , 0.051786 , 5851
0.0557728 , 0.0498215 , 0.0510117 , 0.0518619 , 5881
0.0558281 , 0.0502453 , 0.0514295 , 0.0517679 , 5911
0.0557145 , 0.0499916 , 0.0513382 , 0.0515065 , 5941
0.0557696 , 0.0500754 , 0.0512477 , 0.0514152 , 5971
0.0556574 , 0.0503249 , 0.0509915 , 0.0514914 , 6001
0.0557122 , 0.0500746 , 0.0510695 , 0.0512353 , 6031
0.0557664 , 0.0501567 , 0.0509817 , 0.0511467 , 6061
0.0558201 , 0.0500739 , 0.0508948 , 0.0512231 , 6091
0.0557099 , 0.0499918 , 0.0509721 , 0.0511354 , 6121
0.0560884 , 0.049748 , 0.0513738 , 0.0510486 , 6151
0.0561398 , 0.0498301 , 0.0512862 , 0.0508008 , 6181
0.0558686 , 0.0499114 , 0.0510385 , 0.0511995 , 6211
0.0557603 , 0.0496715 , 0.0507931 , 0.0512738 , 6241
0.0559719 , 0.0494339 , 0.0508691 , 0.0510285 , 6271
0.0560229 , 0.0496747 , 0.0506269 , 0.0515791 , 6301
0.0559153 , 0.0497552 , 0.0505449 , 0.0514927 , 6331
0.0561232 , 0.0496777 , 0.050621 , 0.051407 , 6361
0.0558598 , 0.0499139 , 0.0503834 , 0.0513222 , 6391
0.0559103 , 0.0499922 , 0.0503037 , 0.0515496 , 6421
0.0562703 , 0.0500698 , 0.0506898 , 0.0514649 , 6451
0.0561642 , 0.049838 , 0.0507638 , 0.0512267 , 6481
0.0563661 , 0.0499155 , 0.0506835 , 0.0511442 , 6511
0.056872 , 0.0501452 , 0.0507568 , 0.0512154 , 6541
0.0569168 , 0.0499163 , 0.0509816 , 0.051286 , 6571
0.0571126 , 0.0499924 , 0.0507499 , 0.0512044 , 6601
0.057005 , 0.0503695 , 0.0508219 , 0.0514251 , 6631
0.0567482 , 0.0507431 , 0.0507431 , 0.0511935 , 6661
0.0567927 , 0.0506651 , 0.050964 , 0.0514123 , 6691
0.0565392 , 0.0505877 , 0.0510341 , 0.051778 , 6721
0.0565842 , 0.050511 , 0.0511035 , 0.051696 , 6751
0.0563339 , 0.050435 , 0.0508775 , 0.0516148 , 6781
0.0563794 , 0.0505065 , 0.0508002 , 0.0515343 , 6811
0.0561321 , 0.0507236 , 0.0510159 , 0.0517468 , 6841
0.0560326 , 0.0506476 , 0.0507932 , 0.051812 , 6871
0.0559339 , 0.0508622 , 0.0507173 , 0.0518765 , 6901
0.0558361 , 0.0509306 , 0.050642 , 0.0520848 , 6931
0.0557391 , 0.0508548 , 0.0504238 , 0.0522913 , 6961
0.055643 , 0.0509226 , 0.0503504 , 0.0520669 , 6991
0.0554052 , 0.0509899 , 0.0501353 , 0.0521293 , 7021
0.0553113 , 0.0509148 , 0.0502056 , 0.0521912 , 7051
0.055077 , 0.0509815 , 0.0499929 , 0.0522525 , 7081
0.0551259 , 0.0507664 , 0.0499227 , 0.0524539 , 7111
0.0550343 , 0.0511133 , 0.049993 , 0.0522336 , 7141
0.0549435 , 0.0508995 , 0.0500628 , 0.0520151 , 7171
0.0551312 , 0.0506874 , 0.0502708 , 0.0520761 , 7201
0.0554557 , 0.0504771 , 0.0502005 , 0.0519983 , 7231
0.0552266 , 0.0504063 , 0.0501308 , 0.0521967 , 7261
0.0551365 , 0.050336 , 0.0504732 , 0.0522562 , 7291
0.0550471 , 0.0505395 , 0.0506761 , 0.0520421 , 7321
0.0548225 , 0.0506054 , 0.0506054 , 0.0521018 , 7351
0.0550061 , 0.0505352 , 0.0505352 , 0.0520255 , 7381
0.0550533 , 0.0510053 , 0.0510053 , 0.0519498 , 7411
0.0549657 , 0.050934 , 0.0512028 , 0.0517404 , 7441
0.0548789 , 0.0509972 , 0.051131 , 0.0516664 , 7471
0.0546594 , 0.0509265 , 0.0511932 , 0.0515931 , 7501
0.05484 , 0.0508565 , 0.0509892 , 0.0515204 , 7531
0.0548869 , 0.0506547 , 0.051316 , 0.0517127 , 7561
0.0550652 , 0.0509814 , 0.0512449 , 0.0516401 , 7591
0.0548484 , 0.0511744 , 0.0511744 , 0.0518305 , 7621
0.0547641 , 0.0512351 , 0.0514965 , 0.0518886 , 7651
0.0546804 , 0.0515558 , 0.0514256 , 0.0518162 , 7681
0.054727 , 0.0516146 , 0.0513552 , 0.0518739 , 7711
0.0549025 , 0.0516729 , 0.0516729 , 0.0518021 , 7741
0.0549479 , 0.0517308 , 0.0517308 , 0.0517308 , 7771
0.0551211 , 0.0515319 , 0.0520446 , 0.0515319 , 7801
0.0550377 , 0.0514621 , 0.0522283 , 0.0515898 , 7831
0.055082 , 0.0515202 , 0.0522834 , 0.0515202 , 7861
0.0551261 , 0.0515777 , 0.0523381 , 0.051451 , 7891
0.0551698 , 0.0513824 , 0.0523924 , 0.0515086 , 7921
0.0549616 , 0.0514401 , 0.0524462 , 0.0513143 , 7951
0.054755 , 0.0514973 , 0.0522491 , 0.0514973 , 7981
0.0547996 , 0.0515541 , 0.0524279 , 0.0514293 , 8011
0.0547196 , 0.0513618 , 0.052481 , 0.0514861 , 8041
0.0550118 , 0.0511709 , 0.0524099 , 0.0516665 , 8071
0.054808 , 0.0511048 , 0.0523392 , 0.0514751 , 8101
0.0548518 , 0.0509162 , 0.0522691 , 0.0515312 , 8131
0.0547727 , 0.0507291 , 0.0521995 , 0.0515868 , 8161
0.0548163 , 0.0506654 , 0.0521304 , 0.05152 , 8191
0.0548595 , 0.0507238 , 0.0523051 , 0.0515752 , 8221
0.0547812 , 0.0506605 , 0.0522361 , 0.0515089 , 8251
0.0547035 , 0.050477 , 0.0522884 , 0.0516846 , 8281
0.0547467 , 0.0504151 , 0.0522199 , 0.051498 , 8311
0.0546697 , 0.0504736 , 0.0522719 , 0.0513128 , 8341
0.0545932 , 0.0504121 , 0.052204 , 0.0513678 , 8371
0.0547554 , 0.0503512 , 0.0522557 , 0.0514225 , 8401
0.0545605 , 0.0504092 , 0.0520697 , 0.0513581 , 8431
0.0547217 , 0.0502305 , 0.0522397 , 0.051176 , 8461
0.0546461 , 0.0501708 , 0.0521729 , 0.0512307 , 8491
0.0545711 , 0.0502288 , 0.0522239 , 0.0511677 , 8521
0.0544965 , 0.0501696 , 0.0521576 , 0.0509882 , 8551
0.0545391 , 0.0501107 , 0.052558 , 0.0512761 , 8581
0.0544652 , 0.0501684 , 0.0528394 , 0.0514458 , 8611
0.0542761 , 0.0502257 , 0.0527717 , 0.0514987 , 8641
0.0544343 , 0.0502826 , 0.0527044 , 0.0514358 , 8671
0.0543616 , 0.0502241 , 0.0528675 , 0.0512585 , 8701
0.0545184 , 0.0500515 , 0.0530294 , 0.0511969 , 8731
0.0543317 , 0.0499943 , 0.0530761 , 0.051364 , 8761
0.0541463 , 0.0498237 , 0.052895 , 0.05153 , 8791
0.0541889 , 0.049881 , 0.0533953 , 0.0513547 , 8821
0.0541182 , 0.0500508 , 0.0533273 , 0.0514066 , 8851
0.054048 , 0.050107 , 0.0533724 , 0.0515708 , 8881
0.0539782 , 0.0501627 , 0.0533049 , 0.0515094 , 8911
0.0541326 , 0.0503299 , 0.0536853 , 0.0513365 , 8941
0.0539516 , 0.050496 , 0.0538402 , 0.0512763 , 8971
0.053994 , 0.0505499 , 0.053994 , 0.0513276 , 9001
0.0539254 , 0.0506035 , 0.0541468 , 0.0512679 , 9031
0.0538572 , 0.050767 , 0.0540779 , 0.0514292 , 9061
0.0541195 , 0.0509295 , 0.0541195 , 0.0514795 , 9091
0.0539415 , 0.0508716 , 0.05438 , 0.0515294 , 9121
0.0539832 , 0.0510327 , 0.054311 , 0.0515791 , 9151
0.0540246 , 0.0513016 , 0.0541335 , 0.0514105 , 9181
0.0540658 , 0.0512431 , 0.0539572 , 0.052003 , 9211
0.0542149 , 0.0512931 , 0.0539985 , 0.0518342 , 9241
0.0540395 , 0.0511272 , 0.0540395 , 0.0517743 , 9271
0.0538652 , 0.0511773 , 0.0538652 , 0.0519299 , 9301
0.0541207 , 0.0513343 , 0.053692 , 0.0518701 , 9331
0.0542677 , 0.0512766 , 0.0538404 , 0.0518107 , 9361
0.0542008 , 0.0511128 , 0.0537749 , 0.0517517 , 9391
0.0544528 , 0.0511623 , 0.0536037 , 0.051693 , 9421
0.05428 , 0.0512115 , 0.0534335 , 0.0516347 , 9451
0.0542137 , 0.0511549 , 0.0534754 , 0.0515768 , 9481
0.0541478 , 0.0512039 , 0.0534118 , 0.0515193 , 9511
0.054292 , 0.0513573 , 0.0532439 , 0.0515669 , 9541
0.0543308 , 0.0513008 , 0.0531815 , 0.0514053 , 9571
0.0546818 , 0.051453 , 0.0533278 , 0.0513488 , 9601
0.0546153 , 0.0512927 , 0.0533693 , 0.0513965 , 9631
0.0544457 , 0.0512369 , 0.0533071 , 0.051651 , 9661
0.0544835 , 0.0512847 , 0.0533485 , 0.0515943 , 9691
0.0544183 , 0.0511264 , 0.0532867 , 0.051435 , 9721
0.0543534 , 0.0511742 , 0.0533279 , 0.0513793 , 9751
0.0544934 , 0.0510173 , 0.0533688 , 0.0514262 , 9781
0.0545306 , 0.0508613 , 0.0534094 , 0.0514728 , 9811
0.0543644 , 0.0510111 , 0.0533482 , 0.0514175 , 9841
0.0541992 , 0.0510587 , 0.0531861 , 0.0514639 , 9871
0.0543379 , 0.051308 , 0.0531259 , 0.051308 , 9901
0.0544759 , 0.051153 , 0.0532675 , 0.0512537 , 9931
0.0543118 , 0.0510993 , 0.0531071 , 0.0511997 , 9961
0.0543489 , 0.051146 , 0.0531478 , 0.0512461 , 9991
0.0543858 , 0.0511925 , 0.0530885 , 0.0510927 , 10021
0.054323 , 0.0513382 , 0.0532285 , 0.0510397 , 10051
0.0542605 , 0.0513838 , 0.0533677 , 0.0511854 , 10081
0.0542973 , 0.0513302 , 0.0532094 , 0.0513302 , 10111
0.0545311 , 0.051277 , 0.0531506 , 0.0511784 , 10141
0.0544686 , 0.0512241 , 0.0530921 , 0.0510274 , 10171
0.0546025 , 0.0510734 , 0.053034 , 0.0510734 , 10201
0.0548333 , 0.0510214 , 0.0531717 , 0.0510214 , 10231
0.0548679 , 0.0509697 , 0.0532112 , 0.0509697 , 10261
0.0549023 , 0.0508211 , 0.0532504 , 0.0509183 , 10291
0.0549365 , 0.0506734 , 0.0533863 , 0.0510609 , 10321
0.0547773 , 0.0508163 , 0.0533282 , 0.050913 , 10351
0.054619 , 0.0507658 , 0.0531741 , 0.0508622 , 10381
0.0545577 , 0.0508116 , 0.0532129 , 0.0507156 , 10411
0.0544009 , 0.0508572 , 0.0532516 , 0.0507614 , 10441
0.0544361 , 0.0507115 , 0.0533855 , 0.0507115 , 10471
0.0543758 , 0.0507571 , 0.053233 , 0.0506618 , 10501
0.0543158 , 0.0507074 , 0.0532713 , 0.0507074 , 10531
0.0545403 , 0.0505634 , 0.053404 , 0.0505634 , 10561
0.0544802 , 0.0507978 , 0.0533472 , 0.050609 , 10591
0.0545146 , 0.0507485 , 0.0533848 , 0.0506544 , 10621
0.0545489 , 0.0506995 , 0.0533283 , 0.0506995 , 10651
0.0544893 , 0.0506507 , 0.0534594 , 0.0508379 , 10681
0.05443 , 0.0507889 , 0.0534964 , 0.0507889 , 10711
0.0543711 , 0.0508333 , 0.0534401 , 0.0508333 , 10741
0.0544053 , 0.0509702 , 0.0532912 , 0.0509702 , 10771
0.0544394 , 0.0510138 , 0.0532358 , 0.0509212 , 10801
0.0544733 , 0.0508725 , 0.0533653 , 0.0508725 , 10831
0.0543228 , 0.050732 , 0.05331 , 0.050824 , 10861
0.054265 , 0.050684 , 0.0531632 , 0.0508677 , 10891
0.0541159 , 0.0506364 , 0.0531087 , 0.050728 , 10921
0.0539677 , 0.0504977 , 0.0530545 , 0.0506803 , 10951
0.0539113 , 0.0503597 , 0.0530917 , 0.0505418 , 10981
0.0538552 , 0.0502225 , 0.0529471 , 0.0504041 , 11011
0.0537995 , 0.0503578 , 0.0528032 , 0.0503578 , 11041
0.0538343 , 0.050402 , 0.0527504 , 0.0504923 , 11071
0.0537789 , 0.0502657 , 0.052788 , 0.0504459 , 11101
0.0537238 , 0.0501303 , 0.0529153 , 0.0506693 , 11131
0.0535794 , 0.0501747 , 0.0529522 , 0.0507123 , 11161
0.0534358 , 0.0501296 , 0.052989 , 0.0506657 , 11191
0.0533821 , 0.0500847 , 0.0529365 , 0.0505303 , 11221
0.0533286 , 0.05004 , 0.0528842 , 0.0503955 , 11251
0.0532754 , 0.0499956 , 0.0527436 , 0.0502615 , 11281
0.0531341 , 0.0499514 , 0.0527805 , 0.0503934 , 11311
0.0530817 , 0.0499956 , 0.0526409 , 0.0503483 , 11341
0.0530296 , 0.0498637 , 0.0527658 , 0.0502155 , 11371
0.0529778 , 0.0499079 , 0.0528901 , 0.0500833 , 11401
0.0529263 , 0.0499519 , 0.0529263 , 0.0502143 , 11431
0.0530495 , 0.0499084 , 0.0527877 , 0.0501701 , 11461
0.052998 , 0.0499521 , 0.0527369 , 0.0500392 , 11491
0.0529468 , 0.0499957 , 0.0525996 , 0.0499957 , 11521
0.0528093 , 0.0501255 , 0.052463 , 0.0501255 , 11551
0.0527588 , 0.0502547 , 0.0523271 , 0.050082 , 11581
0.0527948 , 0.0502971 , 0.052278 , 0.0500388 , 11611
0.0526587 , 0.0502534 , 0.0521433 , 0.0503393 , 11641
0.0527804 , 0.0503813 , 0.0520949 , 0.0502956 , 11671
0.0527305 , 0.0502521 , 0.0521323 , 0.0501667 , 11701
0.0528514 , 0.0502088 , 0.0522547 , 0.0500384 , 11731
0.0528016 , 0.0500808 , 0.0522064 , 0.0500808 , 11761
0.0528369 , 0.050123 , 0.0522432 , 0.050123 , 11791
0.0527874 , 0.0499958 , 0.0522798 , 0.0500804 , 11821
0.0528225 , 0.0499536 , 0.0523163 , 0.050038 , 11851
0.0527733 , 0.0499116 , 0.0524367 , 0.0502483 , 11881
0.0528923 , 0.0498699 , 0.0524725 , 0.0501217 , 11911
0.0530106 , 0.0498283 , 0.0524244 , 0.050247 , 11941
0.0528778 , 0.0499541 , 0.0523766 , 0.0501211 , 11971
0.0528289 , 0.0498292 , 0.052579 , 0.0500792 , 12001
0.0527803 , 0.0498712 , 0.0526141 , 0.0502036 , 12031
0.0527319 , 0.04983 , 0.0525661 , 0.0502446 , 12061
0.0528492 , 0.0498718 , 0.0524357 , 0.0505335 , 12091
0.0530484 , 0.0497484 , 0.0523884 , 0.0504084 , 12121
0.0529998 , 0.0497901 , 0.0524237 , 0.0504485 , 12151
0.0528692 , 0.0496675 , 0.0523767 , 0.0504885 , 12181
0.0528212 , 0.0496274 , 0.0524118 , 0.0506101 , 12211
0.0526918 , 0.0495058 , 0.0524467 , 0.0508128 , 12241
0.052563 , 0.0494662 , 0.0523185 , 0.0510961 , 12271
0.0525974 , 0.0495082 , 0.0525974 , 0.0511341 , 12301
0.0525505 , 0.0494688 , 0.0525505 , 0.0510097 , 12331
0.0525847 , 0.0493488 , 0.0525847 , 0.0510476 , 12361
0.0525381 , 0.04931 , 0.0525381 , 0.0510855 , 12391
0.0524112 , 0.0491909 , 0.0526528 , 0.0512036 , 12421
0.0525259 , 0.0491527 , 0.0526062 , 0.0513212 , 12451
0.0524798 , 0.0490345 , 0.0525599 , 0.0513581 , 12481
0.0524339 , 0.0493166 , 0.0524339 , 0.0513148 , 12511
0.0523882 , 0.0492784 , 0.0523084 , 0.0512718 , 12541
0.0522631 , 0.0493199 , 0.0522631 , 0.051229 , 12571
0.0521387 , 0.0492818 , 0.0522974 , 0.0512658 , 12601
0.0522524 , 0.0493231 , 0.0522524 , 0.0512232 , 12631
0.0522866 , 0.0492852 , 0.0522076 , 0.0512598 , 12661
0.0523205 , 0.0491687 , 0.0520842 , 0.0512174 , 12691
0.0522758 , 0.0491314 , 0.0521972 , 0.0512538 , 12721
0.0523096 , 0.0491726 , 0.0523096 , 0.0512117 , 12751
0.0524998 , 0.0490572 , 0.0524216 , 0.0511697 , 12781
0.052533 , 0.0491765 , 0.0524549 , 0.051206 , 12811
0.0524881 , 0.0492952 , 0.0523324 , 0.0510864 , 12841
0.0524435 , 0.0491803 , 0.0523658 , 0.0509673 , 12871
0.0523215 , 0.0492985 , 0.052399 , 0.0510038 , 12901
0.0522775 , 0.0494935 , 0.0523548 , 0.0510401 , 12931
0.0523108 , 0.0493789 , 0.0523108 , 0.0512306 , 12961
0.05219 , 0.0494188 , 0.05219 , 0.0512663 , 12991
0.0521465 , 0.049305 , 0.0523001 , 0.0512249 , 13021
0.0521799 , 0.0491916 , 0.0521799 , 0.0511072 , 13051
0.0521367 , 0.0493846 , 0.0521367 , 0.0510664 , 13081
0.0521699 , 0.0492716 , 0.0520937 , 0.0511784 , 13111
0.0521269 , 0.0492352 , 0.0520508 , 0.0511377 , 13141
0.052236 , 0.049199 , 0.0520082 , 0.0510212 , 13171
0.0521173 , 0.0492387 , 0.0519658 , 0.050981 , 13201
0.0521503 , 0.0492782 , 0.0521503 , 0.050941 , 13231
0.0521077 , 0.0493175 , 0.0521831 , 0.0509011 , 13261
0.0521405 , 0.0493567 , 0.0522158 , 0.0507862 , 13291
0.0520982 , 0.0495458 , 0.0520982 , 0.0507469 , 13321
0.052056 , 0.0495094 , 0.0519811 , 0.0508576 , 13351
0.0519393 , 0.0493984 , 0.0519393 , 0.0507436 , 13381
0.0518231 , 0.0492879 , 0.0519723 , 0.0507792 , 13411
0.0517819 , 0.0493267 , 0.0520051 , 0.0506659 , 13441
0.0517408 , 0.0492168 , 0.0520377 , 0.0507015 , 13471
0.0516258 , 0.0494037 , 0.0519221 , 0.0506629 , 13501
0.0515852 , 0.0495159 , 0.0518809 , 0.0506984 , 13531
0.0515449 , 0.0494801 , 0.0518398 , 0.05066 , 13561
0.0515782 , 0.0493709 , 0.0519461 , 0.0506217 , 13591
0.0515381 , 0.0492622 , 0.052052 , 0.0507305 , 13621
0.0514248 , 0.0493004 , 0.0519376 , 0.0507655 , 13651
0.0515313 , 0.0492654 , 0.0519699 , 0.0507273 , 13681
0.0514186 , 0.0491576 , 0.0519291 , 0.0507622 , 13711
0.0513791 , 0.0492686 , 0.0518885 , 0.0508697 , 13741
0.0512672 , 0.0493065 , 0.0519207 , 0.0508315 , 13771
0.0511557 , 0.0493442 , 0.0518803 , 0.050721 , 13801
0.0511171 , 0.0493095 , 0.0519124 , 0.0506109 , 13831
0.0511507 , 0.0494192 , 0.0518722 , 0.0507178 , 13861
0.0511122 , 0.0493845 , 0.0517601 , 0.0508243 , 13891
0.0511458 , 0.0495654 , 0.0517204 , 0.0508584 , 13921
0.0511074 , 0.0494588 , 0.0516809 , 0.050749 , 13951
0.0510693 , 0.0493527 , 0.0516415 , 0.0507117 , 13981
0.05096 , 0.0493898 , 0.0516737 , 0.0506031 , 14011
0.0508511 , 0.0493555 , 0.0517769 , 0.0505662 , 14041
0.0510269 , 0.0493924 , 0.0518798 , 0.0505295 , 14071
0.0511311 , 0.0494291 , 0.0519112 , 0.050422 , 14101
0.0510226 , 0.0494657 , 0.0520841 , 0.0503149 , 14131
0.0509145 , 0.0495022 , 0.052115 , 0.0502083 , 14161
0.0508773 , 0.0493975 , 0.0520048 , 0.0501726 , 14191
0.05077 , 0.0493636 , 0.0519654 , 0.0502778 , 14221
0.0507333 , 0.0493299 , 0.0519262 , 0.0503123 , 14251
0.0506967 , 0.0494363 , 0.0518871 , 0.0502066 , 14281
0.0507302 , 0.0494026 , 0.0519181 , 0.050311 , 14311
0.0507635 , 0.0493689 , 0.0518792 , 0.0502754 , 14341
0.0507967 , 0.0494746 , 0.0519797 , 0.0502401 , 14371
0.0508992 , 0.049441 , 0.0520103 , 0.0501354 , 14401
0.0510013 , 0.0494768 , 0.0522486 , 0.0500312 , 14431
0.0510338 , 0.0494433 , 0.0522785 , 0.0499274 , 14461
0.0510662 , 0.049341 , 0.0523083 , 0.049962 , 14491
0.0510295 , 0.049239 , 0.0522003 , 0.0501343 , 14521
0.0509931 , 0.0492062 , 0.0522301 , 0.0502371 , 14551
0.0510939 , 0.049105 , 0.0521912 , 0.0502709 , 14581
0.0510574 , 0.0490726 , 0.0522209 , 0.0501677 , 14611
0.0510211 , 0.0490404 , 0.0523188 , 0.0503381 , 14641
0.0510531 , 0.0489401 , 0.0523482 , 0.0503033 , 14671
0.0510169 , 0.0488402 , 0.0524454 , 0.0505408 , 14701
0.0511167 , 0.0488765 , 0.0525423 , 0.0505057 , 14731
0.0511483 , 0.0489804 , 0.0525032 , 0.0506063 , 14761
0.0511798 , 0.0490163 , 0.0524643 , 0.0506389 , 14791
0.0511436 , 0.049052 , 0.0523581 , 0.0506039 , 14821
0.0513097 , 0.0490203 , 0.0525217 , 0.050569 , 14851
0.0512734 , 0.0490558 , 0.0524158 , 0.0505342 , 14881
0.0512373 , 0.0489571 , 0.0523774 , 0.0504326 , 14911
0.0513353 , 0.0490596 , 0.0524731 , 0.0504652 , 14941
0.0512324 , 0.0490949 , 0.0525015 , 0.0504976 , 14971
0.0513966 , 0.0490634 , 0.0524632 , 0.0503966 , 15001
0.0513605 , 0.0489655 , 0.052425 , 0.0504956 , 15031
0.0513246 , 0.0490671 , 0.0524534 , 0.0503951 , 15061
0.0513551 , 0.0491684 , 0.0523491 , 0.0503611 , 15091
0.0513194 , 0.0490708 , 0.0523775 , 0.0503274 , 15121
0.0513497 , 0.0491057 , 0.0523398 , 0.0502937 , 15151
0.05138 , 0.0491404 , 0.0523022 , 0.0503261 , 15181
0.0514102 , 0.0490435 , 0.0523963 , 0.0502268 , 15211
0.0513746 , 0.0491438 , 0.0524244 , 0.0501936 , 15241
0.0514046 , 0.0490472 , 0.0523214 , 0.0501604 , 15271
0.0513692 , 0.0491471 , 0.0523495 , 0.0501928 , 15301
0.0513339 , 0.0490509 , 0.0523123 , 0.0500946 , 15331
0.0512336 , 0.0491504 , 0.0522101 , 0.0500618 , 15361
0.0511338 , 0.0492496 , 0.0521733 , 0.0500942 , 15391
0.0510343 , 0.0491538 , 0.0522015 , 0.0501913 , 15421
0.0511294 , 0.049123 , 0.0521649 , 0.0501586 , 15451
0.0512241 , 0.0492216 , 0.052193 , 0.050126 , 15481
0.0512539 , 0.0492554 , 0.0520921 , 0.0500935 , 15511
0.0512194 , 0.0491603 , 0.0519915 , 0.0501898 , 15541
0.0513133 , 0.0492582 , 0.0521482 , 0.0501573 , 15571
0.0512147 , 0.0492917 , 0.0521761 , 0.0501891 , 15601
0.0511803 , 0.049389 , 0.05214 , 0.0500928 , 15631
0.0511462 , 0.0493583 , 0.0522955 , 0.0501245 , 15661
0.0511758 , 0.0493276 , 0.052323 , 0.0500287 , 15691
0.0512054 , 0.0493607 , 0.0522868 , 0.0499332 , 15721
0.0512348 , 0.0494572 , 0.0521872 , 0.0499016 , 15751
0.0512008 , 0.0494899 , 0.0522147 , 0.0499968 , 15781
0.0511669 , 0.0495225 , 0.0523686 , 0.049902 , 15811
0.0511963 , 0.049555 , 0.0523957 , 0.0498075 , 15841
0.0512255 , 0.0495873 , 0.0523596 , 0.0497763 , 15871
0.0514433 , 0.0494937 , 0.0522609 , 0.0496824 , 15901
0.0514092 , 0.0495889 , 0.052288 , 0.0497144 , 15931
0.0515632 , 0.0495583 , 0.0523777 , 0.0497463 , 15961
0.0515915 , 0.0495904 , 0.052467 , 0.0497155 , 15991
0.0514949 , 0.04956 , 0.0524312 , 0.0497472 , 16021
0.0515233 , 0.0495919 , 0.0525201 , 0.0497165 , 16051
0.0514893 , 0.0496238 , 0.0525465 , 0.049686 , 16081
0.0515797 , 0.0495314 , 0.0525107 , 0.0497176 , 16111
0.0515458 , 0.0495632 , 0.0524751 , 0.0499349 , 16141
0.0515738 , 0.0494713 , 0.0523777 , 0.049966 , 16171
0.0517252 , 0.0495031 , 0.0525276 , 0.0499352 , 16201
0.0518144 , 0.0495965 , 0.052677 , 0.0499045 , 16231
0.0517803 , 0.0496279 , 0.0525798 , 0.0499969 , 16261
0.0519305 , 0.0495366 , 0.0526057 , 0.0499662 , 16291
0.0519576 , 0.0494455 , 0.0526316 , 0.0499357 , 16321
0.0520457 , 0.0495994 , 0.0526573 , 0.0499664 , 16351
0.0520115 , 0.0495086 , 0.0525609 , 0.0499969 , 16381
0.0519773 , 0.049479 , 0.0524648 , 0.0499665 , 16411
0.0519433 , 0.0493887 , 0.0523691 , 0.049997 , 16441
0.0518487 , 0.0492988 , 0.0523344 , 0.0499666 , 16471
0.051815 , 0.0492697 , 0.0524211 , 0.0499364 , 16501
0.051842 , 0.0492408 , 0.0524469 , 0.0498457 , 16531
0.0518688 , 0.049212 , 0.0525934 , 0.0497555 , 16561
0.0520162 , 0.049123 , 0.0524983 , 0.0497258 , 16591
0.0519223 , 0.0490945 , 0.0524036 , 0.0497563 , 16621
0.0518888 , 0.0490661 , 0.0523692 , 0.0497267 , 16651
0.0517955 , 0.0491577 , 0.052335 , 0.0497572 , 16681
0.0517025 , 0.0491293 , 0.0523607 , 0.0497876 , 16711
0.0516696 , 0.0492205 , 0.0523864 , 0.0496983 , 16741
0.0516964 , 0.0493113 , 0.0523523 , 0.0496691 , 16771
0.0516041 , 0.0493423 , 0.0523183 , 0.0498185 , 16801
0.0515715 , 0.0492544 , 0.0522845 , 0.0497297 , 16831
0.0515984 , 0.0493446 , 0.0521914 , 0.0498191 , 16861
0.0516251 , 0.049257 , 0.052158 , 0.049849 , 16891
0.0516518 , 0.0491697 , 0.0521246 , 0.0498197 , 16921
0.0516194 , 0.0491416 , 0.0520323 , 0.0498496 , 16951
0.0517048 , 0.0494082 , 0.0519993 , 0.0499382 , 16981
0.0516137 , 0.049321 , 0.0519664 , 0.0500265 , 17011
0.0515815 , 0.0493516 , 0.0518749 , 0.0499971 , 17041
0.0515494 , 0.0492648 , 0.0517837 , 0.0500849 , 17071
0.0515175 , 0.0492369 , 0.0517514 , 0.050114 , 17101
0.0514856 , 0.0493258 , 0.0518359 , 0.050143 , 17131
0.0514539 , 0.0494144 , 0.0517452 , 0.0500554 , 17161
0.0515386 , 0.0494445 , 0.0517131 , 0.0500262 , 17191
0.051623 , 0.0494164 , 0.0518553 , 0.0499971 , 17221
0.0515332 , 0.0493884 , 0.051881 , 0.0500261 , 17251
0.0516752 , 0.0493606 , 0.0519646 , 0.0501128 , 17281
0.0515857 , 0.0493328 , 0.0519901 , 0.050026 , 17311
0.0517271 , 0.0493628 , 0.0520731 , 0.0499971 , 17341
0.0518105 , 0.0493927 , 0.0520983 , 0.0499683 , 17371
0.0517212 , 0.049365 , 0.0520085 , 0.0499971 , 17401
0.0518616 , 0.0493948 , 0.0522058 , 0.0500832 , 17431
0.0518298 , 0.0493672 , 0.0521734 , 0.0501117 , 17461
0.0517981 , 0.0493968 , 0.0522554 , 0.0500257 , 17491
0.0517094 , 0.0493693 , 0.0523372 , 0.0499971 , 17521
0.051678 , 0.0493989 , 0.0522477 , 0.0499117 , 17551
0.0515898 , 0.0493146 , 0.0523292 , 0.0498834 , 17581
0.0515587 , 0.0492874 , 0.0522969 , 0.049912 , 17611
0.0515844 , 0.0492602 , 0.0522079 , 0.0498271 , 17641
0.0516666 , 0.0491766 , 0.0522325 , 0.0498557 , 17671
0.051692 , 0.0491498 , 0.0523134 , 0.0497712 , 17701
0.0516609 , 0.0491794 , 0.0522813 , 0.049687 , 17731
0.0517426 , 0.0490963 , 0.0523056 , 0.0496031 , 17761
0.0517115 , 0.0490698 , 0.0523298 , 0.0495194 , 17791
0.0516806 , 0.0490994 , 0.0522978 , 0.0494922 , 17821
0.0515937 , 0.0490729 , 0.052266 , 0.0495771 , 17851
0.051619 , 0.0491024 , 0.0522901 , 0.0496057 , 17881
0.0516442 , 0.0491318 , 0.0522026 , 0.0496901 , 17911
0.0516136 , 0.0491611 , 0.0521153 , 0.04983 , 17941
0.0515275 , 0.0491347 , 0.0520839 , 0.0498025 , 17971
0.0514971 , 0.0491084 , 0.0521082 , 0.0498861 , 18001
0.0516333 , 0.0490267 , 0.0522434 , 0.0498031 , 18031
0.0518797 , 0.0490006 , 0.0524334 , 0.0497758 , 18061
0.0519043 , 0.0490299 , 0.0524017 , 0.0497485 , 18091
0.0519287 , 0.0490039 , 0.0523702 , 0.0496661 , 18121
0.0519531 , 0.0490331 , 0.0523387 , 0.0496942 , 18151
0.0518673 , 0.0490072 , 0.0522524 , 0.0496122 , 18181
0.0518368 , 0.0489814 , 0.0521663 , 0.0496403 , 18211
0.0517516 , 0.0490105 , 0.0521901 , 0.0496135 , 18241
0.0518308 , 0.0490942 , 0.0522139 , 0.049532 , 18271
0.0518004 , 0.049123 , 0.0522922 , 0.0496148 , 18301
0.0518793 , 0.0492063 , 0.0522612 , 0.0496972 , 18331
0.0517946 , 0.0492348 , 0.0521758 , 0.0498884 , 18361
0.0518732 , 0.0492632 , 0.0521994 , 0.0500788 , 18391
0.051843 , 0.0493459 , 0.052223 , 0.0500516 , 18421
0.0518129 , 0.0494282 , 0.0521381 , 0.0500786 , 18451
0.0518911 , 0.0495103 , 0.0521076 , 0.0500514 , 18481
0.0518611 , 0.0495381 , 0.0521312 , 0.0499703 , 18511
0.0519389 , 0.0495119 , 0.0521547 , 0.0498894 , 18541
0.0519627 , 0.0494858 , 0.0521781 , 0.0498088 , 18571
0.052094 , 0.0495135 , 0.052094 , 0.0497285 , 18601
0.0521711 , 0.0494337 , 0.0521711 , 0.0496484 , 18631
0.0521944 , 0.0494079 , 0.0521408 , 0.0495686 , 18661
0.0521106 , 0.0495426 , 0.0521106 , 0.0495426 , 18691
0.0520806 , 0.0495166 , 0.052134 , 0.0496234 , 18721
0.0521572 , 0.049704 , 0.0521572 , 0.0495974 , 18751
0.0521271 , 0.0496779 , 0.0521271 , 0.0496779 , 18781
0.0521503 , 0.0495986 , 0.052044 , 0.0497581 , 18811
0.0522265 , 0.0495727 , 0.0521735 , 0.049785 , 18841
0.0522495 , 0.0495999 , 0.0520905 , 0.0497059 , 18871
0.0522195 , 0.0495741 , 0.0520607 , 0.0497328 , 18901
0.0521367 , 0.0497068 , 0.0520311 , 0.0498125 , 18931
0.0522652 , 0.0496282 , 0.0520542 , 0.0498919 , 18961
0.0521826 , 0.0496024 , 0.051972 , 0.0499184 , 18991
0.0521529 , 0.0496294 , 0.0519952 , 0.0498922 , 19021
0.0522807 , 0.0496562 , 0.0519658 , 0.0498661 , 19051
0.0523033 , 0.0496305 , 0.0519365 , 0.0500498 , 19081
0.0524829 , 0.0496049 , 0.0520119 , 0.0500235 , 19111
0.0524529 , 0.0497884 , 0.0520349 , 0.0499451 , 19141
0.0524229 , 0.049867 , 0.0519535 , 0.049867 , 19171
0.0524452 , 0.0498932 , 0.0519244 , 0.0497891 , 19201
0.0524674 , 0.0499194 , 0.0518434 , 0.0499714 , 19231
0.0524376 , 0.0498936 , 0.0518665 , 0.0499974 , 19261
0.0524079 , 0.0498678 , 0.0519413 , 0.0500233 , 19291
0.0523782 , 0.0497904 , 0.0518607 , 0.0501009 , 19321
0.0526071 , 0.0497132 , 0.051987 , 0.0500749 , 19351
0.0525773 , 0.0497394 , 0.0519065 , 0.0501522 , 19381
0.052599 , 0.0498171 , 0.0519808 , 0.0502293 , 19411
0.0525179 , 0.0498946 , 0.0520035 , 0.0503061 , 19441
0.0524883 , 0.0499204 , 0.0519747 , 0.0502799 , 19471
0.0525101 , 0.0499462 , 0.0519461 , 0.0502538 , 19501
0.0525319 , 0.0498694 , 0.0519687 , 0.0502278 , 19531
0.0526047 , 0.0498952 , 0.0519401 , 0.0502019 , 19561
0.0525241 , 0.0498698 , 0.0519116 , 0.0502782 , 19591
0.0525457 , 0.0498446 , 0.0519342 , 0.0502013 , 19621
0.0525673 , 0.0498702 , 0.0519058 , 0.0501247 , 19651
0.0524872 , 0.0500991 , 0.0518266 , 0.0502007 , 19681
0.052458 , 0.0501243 , 0.0517478 , 0.050175 , 19711
0.052429 , 0.0501494 , 0.0517198 , 0.0502001 , 19741
0.0524 , 0.0501239 , 0.0516413 , 0.0501239 , 19771
0.0523711 , 0.050048 , 0.0516136 , 0.050149 , 19801
0.0523927 , 0.0500227 , 0.0516363 , 0.0500731 , 19831
0.0523136 , 0.0499471 , 0.051659 , 0.0501989 , 19861
0.0523352 , 0.0498718 , 0.0516314 , 0.0502237 , 19891
0.0523066 , 0.0498469 , 0.051654 , 0.0501481 , 19921
0.0523783 , 0.0498221 , 0.0516766 , 0.0500727 , 19951
0.0522997 , 0.0498474 , 0.0516991 , 0.0500475 , 19981
0.0522713 , 0.0498726 , 0.0516716 , 0.0499725 , 20011
0.0523427 , 0.0498977 , 0.0516441 , 0.0498977 , 20041
0.0522645 , 0.0500722 , 0.0516168 , 0.0499726 , 20071
0.052286 , 0.0501468 , 0.0515895 , 0.049898 , 20101
0.0524564 , 0.0501217 , 0.0518106 , 0.0498237 , 20131
0.0524776 , 0.0501463 , 0.0517335 , 0.0497495 , 20161
0.0525482 , 0.0500718 , 0.0516567 , 0.0497747 , 20191
0.0525197 , 0.050047 , 0.05158 , 0.0498492 , 20221
0.0524912 , 0.0499728 , 0.051553 , 0.0498247 , 20251
0.0524629 , 0.0499482 , 0.0514768 , 0.049751 , 20281
0.0524346 , 0.0499729 , 0.0514992 , 0.0496775 , 20311
0.0524065 , 0.0500467 , 0.0514724 , 0.0496042 , 20341
0.0523293 , 0.0502675 , 0.0514457 , 0.0496785 , 20371
0.0522523 , 0.0502917 , 0.05137 , 0.0497034 , 20401
0.0522735 , 0.0504136 , 0.0513435 , 0.0497284 , 20431
0.0522946 , 0.0504863 , 0.051366 , 0.0497043 , 20461
0.0522668 , 0.0504612 , 0.0513884 , 0.0497291 , 20491
0.0522392 , 0.0504361 , 0.0514595 , 0.0497052 , 20521
0.0521629 , 0.0504112 , 0.0515303 , 0.0497299 , 20551
0.0521841 , 0.0504349 , 0.0515038 , 0.049706 , 20581
0.0522051 , 0.0503615 , 0.0516229 , 0.0496337 , 20611
0.0521293 , 0.0503367 , 0.0515963 , 0.0497553 , 20641
0.0521987 , 0.0503604 , 0.0516666 , 0.0497315 , 20671
0.0521714 , 0.0502874 , 0.0516883 , 0.0497561 , 20701
0.0522406 , 0.0502147 , 0.0516618 , 0.0497323 , 20731
0.0522615 , 0.0502384 , 0.0517316 , 0.0497568 , 20761
0.0522341 , 0.0502621 , 0.0518013 , 0.0497331 , 20791
0.0522069 , 0.0502377 , 0.0517747 , 0.0497094 , 20821
0.0521318 , 0.0502614 , 0.051844 , 0.0496379 , 20851
0.0521527 , 0.0503328 , 0.0517696 , 0.0496624 , 20881
0.0520779 , 0.0503085 , 0.0517431 , 0.0496389 , 20911
0.052051 , 0.0504274 , 0.0517645 , 0.0496156 , 20941
0.0520242 , 0.050546 , 0.0517858 , 0.0495446 , 20971
0.0519975 , 0.0505214 , 0.0517594 , 0.0495691 , 21001
0.0519709 , 0.0504493 , 0.0517332 , 0.0494984 , 21031
0.0519444 , 0.050425 , 0.0517069 , 0.0495228 , 21061
0.0518705 , 0.0504955 , 0.0516334 , 0.0494998 , 21091
0.0518441 , 0.0505658 , 0.0515601 , 0.0494768 , 21121
0.052007 , 0.0504941 , 0.051676 , 0.0494539 , 21151
0.0520278 , 0.0505642 , 0.0516501 , 0.0494783 , 21181
0.0520013 , 0.0505398 , 0.0517184 , 0.0495498 , 21211
0.051975 , 0.0507038 , 0.0516454 , 0.0494798 , 21241
0.0520427 , 0.0506793 , 0.0516666 , 0.049504 , 21271
0.0521102 , 0.0507018 , 0.0516877 , 0.0494812 , 21301
0.0521307 , 0.0506305 , 0.0517088 , 0.0495523 , 21331
0.0522447 , 0.0505594 , 0.0518234 , 0.0496231 , 21361
0.0522182 , 0.0505353 , 0.0518442 , 0.0495536 , 21391
0.0521451 , 0.0506045 , 0.0518183 , 0.0495308 , 21421
0.0521654 , 0.0505804 , 0.0517925 , 0.0495082 , 21451
0.0522322 , 0.0505563 , 0.0517667 , 0.0494856 , 21481
0.0521594 , 0.0505323 , 0.0516945 , 0.0494631 , 21511
0.0520867 , 0.0506476 , 0.0516689 , 0.049487 , 21541
0.052107 , 0.0505772 , 0.0516434 , 0.0495573 , 21571
0.0521272 , 0.0505069 , 0.0517569 , 0.049581 , 21601
0.0521012 , 0.0504369 , 0.0517313 , 0.0495585 , 21631
0.052029 , 0.0504132 , 0.0517058 , 0.0495822 , 21661
0.0520492 , 0.0503435 , 0.0517726 , 0.0496519 , 21691
0.0522075 , 0.050366 , 0.0518392 , 0.0496754 , 21721
0.0521815 , 0.0503425 , 0.0518597 , 0.0496529 , 21751
0.0521555 , 0.0503191 , 0.0518342 , 0.0496763 , 21781
0.0521755 , 0.0502957 , 0.0518087 , 0.0496538 , 21811
0.0521496 , 0.0504556 , 0.0517376 , 0.0496314 , 21841
0.0520781 , 0.0505235 , 0.0517123 , 0.0496091 , 21871
0.0520524 , 0.0504543 , 0.0518241 , 0.0495411 , 21901
0.0520724 , 0.0504765 , 0.0518444 , 0.0496101 , 21931
0.0520923 , 0.0505441 , 0.0518191 , 0.0497245 , 21961
0.0521122 , 0.0505207 , 0.0517484 , 0.0497476 , 21991
0.0521321 , 0.0505427 , 0.0517688 , 0.0497253 , 22021
0.0521065 , 0.0505646 , 0.0517437 , 0.0497483 , 22051
0.052081 , 0.0506318 , 0.0517187 , 0.049726 , 22081
0.0521008 , 0.0506083 , 0.051739 , 0.0497038 , 22111
0.0521657 , 0.0505849 , 0.051714 , 0.0497719 , 22141
0.0521853 , 0.0506066 , 0.051644 , 0.0497948 , 22171
0.0522049 , 0.0505833 , 0.0517544 , 0.0497275 , 22201
0.0521344 , 0.050515 , 0.0516846 , 0.0496604 , 22231
0.0520641 , 0.050447 , 0.0516599 , 0.0497731 , 22261
0.0520389 , 0.0504239 , 0.0516801 , 0.049751 , 22291
0.0520586 , 0.050401 , 0.051745 , 0.049729 , 22321
0.0520335 , 0.0505123 , 0.0518098 , 0.0497517 , 22351
0.0520531 , 0.0504446 , 0.0518297 , 0.0497744 , 22381
0.052028 , 0.0504217 , 0.0518942 , 0.0497524 , 22411
0.052003 , 0.0503988 , 0.0519585 , 0.0498195 , 22441
0.0520671 , 0.0504205 , 0.0519781 , 0.0497975 , 22471
0.0520421 , 0.0503978 , 0.0519977 , 0.04982 , 22501
0.0520616 , 0.050375 , 0.0520616 , 0.0499312 , 22531
0.0519924 , 0.0503081 , 0.0519924 , 0.0499091 , 22561
0.0520119 , 0.0502855 , 0.0519676 , 0.0500199 , 22591
0.0519429 , 0.0503072 , 0.0519429 , 0.0499978 , 22621
0.0518741 , 0.0502848 , 0.0518741 , 0.0499316 , 22651
0.0518937 , 0.0502623 , 0.0518937 , 0.0498655 , 22681
0.0518691 , 0.05024 , 0.0519132 , 0.0499317 , 22711
0.0519766 , 0.0503056 , 0.0518447 , 0.0500418 , 22741
0.051952 , 0.0502833 , 0.0518203 , 0.0501076 , 22771
0.0519275 , 0.050261 , 0.051796 , 0.0500855 , 22801
0.0519469 , 0.0503263 , 0.0518593 , 0.0500635 , 22831
0.0519662 , 0.0502603 , 0.0519662 , 0.0499978 , 22861
0.0519855 , 0.0502381 , 0.0519418 , 0.0500197 , 22891
0.0520483 , 0.0502596 , 0.052092 , 0.0500851 , 22921
0.0521546 , 0.0502375 , 0.0520239 , 0.0501067 , 22951
0.0520865 , 0.0502154 , 0.052043 , 0.0500413 , 22981
0.0520186 , 0.0501934 , 0.0519751 , 0.050063 , 23011
0.0519943 , 0.0501714 , 0.0519509 , 0.0500412 , 23041
0.0520133 , 0.0501495 , 0.0518833 , 0.0500195 , 23071
0.0519891 , 0.0500844 , 0.0519025 , 0.0500411 , 23101
0.0520946 , 0.0500627 , 0.0518352 , 0.0500627 , 23131
0.0520703 , 0.050041 , 0.0517681 , 0.0500842 , 23161
0.0520029 , 0.0499763 , 0.0517442 , 0.0500194 , 23191
0.0519357 , 0.0499548 , 0.0516774 , 0.050127 , 23221
0.0520408 , 0.0498903 , 0.0516967 , 0.0501484 , 23251
0.0521026 , 0.049869 , 0.0516301 , 0.0501697 , 23281
0.0520355 , 0.0498477 , 0.0516065 , 0.0502338 , 23311
0.0520115 , 0.0499122 , 0.0515831 , 0.0502121 , 23341
0.0519875 , 0.0499765 , 0.0516024 , 0.0501476 , 23371
0.0519636 , 0.0499551 , 0.0515363 , 0.0502115 , 23401
0.0519397 , 0.0499338 , 0.0515983 , 0.0501899 , 23431
0.0519586 , 0.0499126 , 0.051575 , 0.050211 , 23461
0.0519348 , 0.0498914 , 0.0515091 , 0.0501894 , 23491
0.0518685 , 0.0499128 , 0.0515284 , 0.0502104 , 23521
0.0518874 , 0.0498917 , 0.0515902 , 0.0501465 , 23551
0.0519486 , 0.0499131 , 0.0516093 , 0.0500827 , 23581
0.051925 , 0.0498496 , 0.0515861 , 0.0501038 , 23611
0.0519437 , 0.0498287 , 0.051563 , 0.0500825 , 23641
0.0519201 , 0.0498078 , 0.0515821 , 0.0501457 , 23671
0.0519387 , 0.0497869 , 0.051559 , 0.0501667 , 23701
0.0519574 , 0.0497661 , 0.051536 , 0.0502297 , 23731
0.0519759 , 0.0498296 , 0.0515551 , 0.0502504 , 23761
0.0519524 , 0.0498088 , 0.0515741 , 0.0502291 , 23791
0.0520969 , 0.049746 , 0.0515931 , 0.0502078 , 23821
0.0522829 , 0.0497673 , 0.0515282 , 0.0501866 , 23851
0.0522591 , 0.0497467 , 0.0515473 , 0.0501235 , 23881
0.0524027 , 0.0497261 , 0.0516917 , 0.0500606 , 23911
0.0523788 , 0.0497473 , 0.0517105 , 0.0500815 , 23941
0.0524384 , 0.049685 , 0.0516457 , 0.0500605 , 23971
0.0524145 , 0.0497479 , 0.0516228 , 0.0500396 , 24001
0.0523907 , 0.0496858 , 0.0516416 , 0.0500187 , 24031
0.0524916 , 0.0497486 , 0.0517019 , 0.0499979 , 24061
0.0524677 , 0.0497281 , 0.051679 , 0.0499772 , 24091
0.0524439 , 0.0497077 , 0.0516562 , 0.0499565 , 24121
0.0523788 , 0.0496874 , 0.0516749 , 0.0499772 , 24151
0.0523965 , 0.0496257 , 0.0517348 , 0.0499566 , 24181
0.0524142 , 0.0496056 , 0.051712 , 0.0498947 , 24211
0.0524318 , 0.0496679 , 0.0517305 , 0.0499567 , 24241
0.0524082 , 0.0497301 , 0.0517078 , 0.0500597 , 24271
0.0523435 , 0.049751 , 0.0517263 , 0.0499979 , 24301
0.052279 , 0.049813 , 0.0516625 , 0.0499774 , 24331
0.0522146 , 0.0497517 , 0.0516399 , 0.0499159 , 24361
0.0522324 , 0.0498545 , 0.0516174 , 0.0498955 , 24391
0.0522501 , 0.0498751 , 0.0516359 , 0.0499161 , 24421
0.0523496 , 0.0498139 , 0.0515725 , 0.0498957 , 24451
0.052408 , 0.0497937 , 0.051591 , 0.0499163 , 24481
0.0523438 , 0.0498552 , 0.0516503 , 0.0499368 , 24511
0.0523206 , 0.049835 , 0.0516279 , 0.0498757 , 24541
0.0523381 , 0.0498148 , 0.0515649 , 0.0498962 , 24571
0.0523149 , 0.049876 , 0.0516239 , 0.049876 , 24601
0.0522512 , 0.0498965 , 0.0516016 , 0.0498965 , 24631
0.0522282 , 0.0499169 , 0.0515389 , 0.0498763 , 24661
0.0522053 , 0.0500182 , 0.0515167 , 0.0498967 , 24691
0.0522228 , 0.049998 , 0.0515351 , 0.049998 , 24721
0.0522403 , 0.0499374 , 0.0515939 , 0.0500182 , 24751
0.0521771 , 0.0499576 , 0.0515718 , 0.049998 , 24781
0.0521946 , 0.0498972 , 0.0515497 , 0.0500181 , 24811
0.0522121 , 0.049837 , 0.051568 , 0.049998 , 24841
0.0521893 , 0.0497768 , 0.051546 , 0.0499779 , 24871
0.0521264 , 0.0497169 , 0.051524 , 0.0499177 , 24901
0.052184 , 0.0497373 , 0.0515423 , 0.0499378 , 24931
0.0522415 , 0.0496775 , 0.0515204 , 0.0498778 , 24961
0.0522588 , 0.0496179 , 0.0514985 , 0.049938 , 24991
0.0522761 , 0.0495983 , 0.0514368 , 0.0499181 , 25021
0.0522933 , 0.0495389 , 0.0513752 , 0.049978 , 25051
0.0523105 , 0.0494797 , 0.0513137 , 0.0500379 , 25081
0.0522878 , 0.0494604 , 0.0513321 , 0.0499781 , 25111
0.0523846 , 0.0494014 , 0.0513106 , 0.0499185 , 25141
0.052481 , 0.0495014 , 0.0513686 , 0.0499781 , 25171
0.0524979 , 0.0494822 , 0.0513472 , 0.049998 , 25201
0.0524751 , 0.0495026 , 0.0513257 , 0.0499386 , 25231
0.0524128 , 0.049523 , 0.0513044 , 0.0499584 , 25261
0.0525088 , 0.0495038 , 0.0513621 , 0.0500178 , 25291
0.0525256 , 0.0496031 , 0.0513408 , 0.049998 , 25321
0.0524634 , 0.0496627 , 0.0513195 , 0.0500572 , 25351
0.0524014 , 0.0496828 , 0.0512588 , 0.049998 , 25381
0.0524182 , 0.0496242 , 0.0513164 , 0.049939 , 25411
0.052435 , 0.0496836 , 0.0513345 , 0.0499194 , 25441
0.0524125 , 0.0496251 , 0.0513525 , 0.0499784 , 25471
0.0523509 , 0.0496843 , 0.0512921 , 0.049998 , 25501
0.0523677 , 0.0496259 , 0.0513885 , 0.0499785 , 25531
0.0524236 , 0.0496068 , 0.0514847 , 0.0499198 , 25561
0.0523622 , 0.0496268 , 0.0514243 , 0.0500176 , 25591
0.052496 , 0.0496077 , 0.0514812 , 0.0500761 , 25621
0.0524736 , 0.0496667 , 0.05146 , 0.0500565 , 25651
0.0524902 , 0.0496865 , 0.0514777 , 0.050037 , 25681
0.0524289 , 0.0497064 , 0.0514566 , 0.0500175 , 25711
0.0524067 , 0.0496873 , 0.0513966 , 0.0500369 , 25741
0.0523457 , 0.049707 , 0.0513368 , 0.0500563 , 25771
0.0524398 , 0.0497268 , 0.0512771 , 0.0500368 , 25801
0.0523789 , 0.0497464 , 0.0512562 , 0.0500561 , 25831
0.0523182 , 0.0496887 , 0.0511968 , 0.0499981 , 25861
0.0523348 , 0.0497084 , 0.0512147 , 0.0499401 , 25891
0.0522742 , 0.0497666 , 0.051194 , 0.0499595 , 25921
0.0523679 , 0.0497861 , 0.0512119 , 0.0499788 , 25951
0.0523459 , 0.0497671 , 0.0512297 , 0.0500751 , 25981
0.052324 , 0.0497097 , 0.0512091 , 0.0500942 , 26011
0.0523021 , 0.0496909 , 0.0512653 , 0.0501517 , 26041
0.052242 , 0.0498638 , 0.0512063 , 0.0501707 , 26071
0.0521819 , 0.0498448 , 0.0511858 , 0.0502663 , 26101
0.0523133 , 0.0498259 , 0.0513566 , 0.0502468 , 26131
0.0522534 , 0.0498834 , 0.0512977 , 0.0503039 , 26161
0.0523462 , 0.0498263 , 0.0513153 , 0.0503226 , 26191
0.0523245 , 0.0498074 , 0.0512566 , 0.0503795 , 26221
0.0524171 , 0.0497886 , 0.0512361 , 0.0503981 , 26251
0.0523953 , 0.0497317 , 0.0512538 , 0.0503786 , 26281
0.0524876 , 0.0497891 , 0.0513093 , 0.0503212 , 26311
0.0525037 , 0.0497324 , 0.0512889 , 0.0503018 , 26341
0.052444 , 0.0497516 , 0.0512684 , 0.0502446 , 26371
0.0523844 , 0.0498087 , 0.0512481 , 0.0502254 , 26401
0.0524384 , 0.04979 , 0.0512277 , 0.050244 , 26431
0.0524546 , 0.0498092 , 0.0512074 , 0.0501871 , 26461
0.0524707 , 0.0497527 , 0.0512249 , 0.050168 , 26491
0.0524113 , 0.0497719 , 0.0512801 , 0.0501866 , 26521
0.0524274 , 0.0497533 , 0.0512975 , 0.0502053 , 26551
0.0525563 , 0.0496972 , 0.0512772 , 0.0501862 , 26581
0.0525347 , 0.0496787 , 0.0512194 , 0.0501296 , 26611
0.052513 , 0.0496603 , 0.0513119 , 0.0500732 , 26641
0.0524915 , 0.0496794 , 0.0512917 , 0.0500544 , 26671
0.0524699 , 0.0496611 , 0.051234 , 0.0499981 , 26701
0.0524859 , 0.0496053 , 0.0512139 , 0.0499794 , 26731
0.052427 , 0.0495871 , 0.0511565 , 0.0499608 , 26761
0.0523683 , 0.0495316 , 0.0510992 , 0.0499795 , 26791
0.0523098 , 0.0495507 , 0.0510421 , 0.0499236 , 26821
0.0522513 , 0.0494954 , 0.0509851 , 0.0499423 , 26851
0.0523046 , 0.0494773 , 0.0509654 , 0.0499609 , 26881
0.0522835 , 0.0494593 , 0.0509457 , 0.0499052 , 26911
0.0522624 , 0.0495156 , 0.0509261 , 0.0500353 , 26941
0.0524267 , 0.0494976 , 0.0509436 , 0.0499796 , 26971
0.0524795 , 0.0494796 , 0.050924 , 0.0500722 , 27001
0.0524583 , 0.0494987 , 0.0509045 , 0.0500906 , 27031
0.0524001 , 0.0494438 , 0.0508481 , 0.050146 , 27061
0.052379 , 0.0494629 , 0.0507918 , 0.0502381 , 27091
0.052358 , 0.0494082 , 0.0508462 , 0.0501825 , 27121
0.0523738 , 0.0493904 , 0.05079 , 0.0502007 , 27151
0.0524263 , 0.0493727 , 0.0507708 , 0.0501453 , 27181
0.0525155 , 0.0493183 , 0.0507883 , 0.0501268 , 27211
0.0525678 , 0.0493007 , 0.0508425 , 0.050145 , 27241
0.0525833 , 0.0493931 , 0.0507866 , 0.0501998 , 27271
0.0525622 , 0.0493755 , 0.0507674 , 0.0501447 , 27301
0.0525411 , 0.0493579 , 0.0507116 , 0.0501628 , 27331
0.0524835 , 0.0493038 , 0.0506926 , 0.0501078 , 27361
0.052426 , 0.0492863 , 0.0506371 , 0.0500894 , 27391
0.0524416 , 0.0492688 , 0.0505817 , 0.0501805 , 27421
0.0525664 , 0.049215 , 0.0505628 , 0.0501621 , 27451
0.0525454 , 0.049234 , 0.0505804 , 0.0501437 , 27481
0.0525244 , 0.0491803 , 0.0505616 , 0.0501254 , 27511
0.0525035 , 0.0491631 , 0.0506154 , 0.0501797 , 27541
0.0524827 , 0.0491821 , 0.0505604 , 0.0501614 , 27571
0.0525343 , 0.0491649 , 0.0505779 , 0.0501431 , 27601
0.0525135 , 0.0491839 , 0.0506315 , 0.0500887 , 27631
0.0524927 , 0.0492028 , 0.0506128 , 0.0501428 , 27661
0.0524719 , 0.0492218 , 0.0506302 , 0.0500885 , 27691
0.0524151 , 0.0491685 , 0.0506836 , 0.0501064 , 27721
0.0524305 , 0.0491874 , 0.0506648 , 0.0500523 , 27751
0.0524459 , 0.0492423 , 0.0506821 , 0.0500342 , 27781
0.0524613 , 0.0491892 , 0.0506634 , 0.0500881 , 27811
0.0524406 , 0.0491721 , 0.0506807 , 0.05007 , 27841
0.0524201 , 0.0491909 , 0.0506979 , 0.0501238 , 27871
0.0523996 , 0.049138 , 0.0506792 , 0.0502849 , 27901
0.0524149 , 0.049121 , 0.0506606 , 0.0502309 , 27931
0.0523944 , 0.0490683 , 0.050642 , 0.0503201 , 27961
0.0523382 , 0.0491229 , 0.0506234 , 0.0502662 , 27991
0.0523179 , 0.0490703 , 0.0505692 , 0.050248 , 28021
0.0523333 , 0.0491248 , 0.0505508 , 0.0502656 , 28051
0.0523486 , 0.0492504 , 0.0505324 , 0.0502831 , 28081
0.0523638 , 0.0492334 , 0.050514 , 0.0502294 , 28111
0.0523436 , 0.0491809 , 0.0505313 , 0.0502114 , 28141
0.0523233 , 0.049164 , 0.0505484 , 0.050158 , 28171
0.0523031 , 0.0491472 , 0.0505301 , 0.050211 , 28201
0.0523184 , 0.0491304 , 0.0505827 , 0.0502285 , 28231
0.0522982 , 0.0490782 , 0.0505998 , 0.0503167 , 28261
0.0523135 , 0.0490615 , 0.0506875 , 0.0502987 , 28291
0.052364 , 0.0490449 , 0.0506691 , 0.0502807 , 28321
0.0523438 , 0.0490988 , 0.050686 , 0.0502275 , 28351
0.0522885 , 0.0491174 , 0.0506677 , 0.0502801 , 28381
0.0522333 , 0.0490655 , 0.0506494 , 0.0503326 , 28411
0.0522837 , 0.0490841 , 0.0506311 , 0.0503147 , 28441
0.0522988 , 0.0491728 , 0.050648 , 0.0502968 , 28471
0.052349 , 0.0491562 , 0.0506298 , 0.050314 , 28501
0.052294 , 0.0492447 , 0.0506467 , 0.0502611 , 28531
0.0523091 , 0.049193 , 0.0506285 , 0.0502083 , 28561
0.0523591 , 0.0491763 , 0.0506803 , 0.0502606 , 28591
0.0523392 , 0.0492645 , 0.0506272 , 0.0502428 , 28621
0.0523542 , 0.0492478 , 0.0506091 , 0.0502949 , 28651
0.0523343 , 0.0492661 , 0.050591 , 0.0502772 , 28681
0.0523144 , 0.0493539 , 0.0505381 , 0.0502247 , 28711
0.0523294 , 0.0494068 , 0.050555 , 0.0501722 , 28741
0.0523096 , 0.0494943 , 0.0505022 , 0.0501894 , 28771
0.0522899 , 0.0495122 , 0.0504496 , 0.0501719 , 28801
0.0523395 , 0.0494606 , 0.0505012 , 0.0501543 , 28831
0.0522851 , 0.0495132 , 0.0504487 , 0.0502062 , 28861
0.0523 , 0.049531 , 0.0503963 , 0.0502233 , 28891
0.0523149 , 0.0495142 , 0.0504478 , 0.0501712 , 28921
0.0523298 , 0.0494974 , 0.0504646 , 0.0501883 , 28951
0.0524827 , 0.0494462 , 0.0504813 , 0.0501708 , 28981
0.0524629 , 0.0494295 , 0.0504636 , 0.0502568 , 29011
0.0524775 , 0.0494129 , 0.0504804 , 0.0503082 , 29041
0.0524922 , 0.0493619 , 0.0505315 , 0.0502907 , 29071
0.0524724 , 0.0493797 , 0.0505137 , 0.0502388 , 29101
0.0524527 , 0.0493289 , 0.050496 , 0.0502214 , 29131
0.0523988 , 0.0493124 , 0.0504784 , 0.0502383 , 29161
0.0524134 , 0.049296 , 0.050632 , 0.050221 , 29191
0.0523938 , 0.0492796 , 0.0505801 , 0.0502036 , 29221
0.0523401 , 0.0494 , 0.0505624 , 0.0501863 , 29251
0.0523548 , 0.0493836 , 0.0505106 , 0.0501349 , 29281
0.0523353 , 0.0494012 , 0.050493 , 0.0501859 , 29311
0.0523159 , 0.0493848 , 0.0505095 , 0.050305 , 29341
0.0523305 , 0.0495727 , 0.050492 , 0.0503558 , 29371
0.0524132 , 0.0496582 , 0.0504405 , 0.0504064 , 29401
0.0524617 , 0.0497774 , 0.050491 , 0.0503551 , 29431
0.0524083 , 0.0497607 , 0.0505075 , 0.0503717 , 29461
0.0524567 , 0.0498118 , 0.0504561 , 0.0504222 , 29491
0.0524711 , 0.0497951 , 0.0505064 , 0.0504387 , 29521
0.0525194 , 0.0498122 , 0.050489 , 0.0504551 , 29551
0.0524999 , 0.0497955 , 0.0505054 , 0.0504716 , 29581
0.0524805 , 0.0497788 , 0.0504542 , 0.050488 , 29611
0.0524949 , 0.0497959 , 0.0504369 , 0.0504369 , 29641
0.0525092 , 0.049813 , 0.050487 , 0.0504533 , 29671
0.0524561 , 0.049931 , 0.0504697 , 0.050537 , 29701
0.0524032 , 0.0499479 , 0.0504524 , 0.0506206 , 29731
0.052384 , 0.0499647 , 0.0504687 , 0.0506703 , 29761
0.0523312 , 0.0499144 , 0.0504179 , 0.05072 , 29791
0.0523457 , 0.0498977 , 0.0504007 , 0.0507025 , 29821
0.0523601 , 0.0498476 , 0.0504171 , 0.0507186 , 29851
0.0523744 , 0.049831 , 0.0505003 , 0.050768 , 29881
0.0523219 , 0.0499147 , 0.0504831 , 0.0508509 , 29911
0.0523363 , 0.0499315 , 0.0505661 , 0.0508667 , 29941
0.0522839 , 0.0498816 , 0.0505155 , 0.0508825 , 29971
0.0522649 , 0.0498317 , 0.0504983 , 0.0508316 , 30001
0.0523459 , 0.0498485 , 0.0505478 , 0.0508808 , 30031
0.0523269 , 0.0499318 , 0.0505306 , 0.0508632 , 30061
0.0523412 , 0.049882 , 0.0505799 , 0.0509122 , 30091
0.0523223 , 0.0498655 , 0.0506291 , 0.0508947 , 30121
0.0523034 , 0.0498823 , 0.0506451 , 0.0508441 , 30151
0.0523177 , 0.0498658 , 0.0506279 , 0.0509592 , 30181
0.052365 , 0.0498163 , 0.0506107 , 0.0509086 , 30211
0.0523792 , 0.0497999 , 0.0506928 , 0.0509573 , 30241
0.0523603 , 0.0497506 , 0.0506756 , 0.0510059 , 30271
0.0523415 , 0.0498003 , 0.0506584 , 0.0509554 , 30301
0.0523227 , 0.0497511 , 0.0506742 , 0.050905 , 30331
0.0523369 , 0.0497678 , 0.0506571 , 0.0509206 , 30361
0.0523181 , 0.0497187 , 0.05064 , 0.0509032 , 30391
0.0522994 , 0.0496696 , 0.0506229 , 0.0508859 , 30421
0.0522807 , 0.0496535 , 0.0506059 , 0.0508686 , 30451
0.0523277 , 0.0496375 , 0.0506217 , 0.0508842 , 30481
0.0523746 , 0.0496214 , 0.050703 , 0.0508341 , 30511
0.0523231 , 0.0496054 , 0.0506532 , 0.0508497 , 30541
0.0523045 , 0.0495568 , 0.0506362 , 0.0509633 , 30571
0.0522859 , 0.0495409 , 0.0506846 , 0.0509787 , 30601
0.0522673 , 0.0495903 , 0.0507003 , 0.0509288 , 30631
0.0522814 , 0.049607 , 0.0507485 , 0.0509442 , 30661
0.0522629 , 0.0496237 , 0.0507641 , 0.0508944 , 30691
0.0522118 , 0.0495752 , 0.050747 , 0.0509098 , 30721
0.0522585 , 0.0495594 , 0.0507626 , 0.0509252 , 30751
0.05224 , 0.0495435 , 0.0508106 , 0.0508755 , 30781
0.0522541 , 0.0496251 , 0.0507611 , 0.0508585 , 30811
0.0522032 , 0.0496093 , 0.0507441 , 0.0508414 , 30841
0.0522821 , 0.0495935 , 0.0507596 , 0.0508244 , 30871
0.0522637 , 0.0495777 , 0.0507427 , 0.0508398 , 30901
0.0523423 , 0.0496266 , 0.0507258 , 0.0508228 , 30931
0.0523239 , 0.0496431 , 0.050709 , 0.0508059 , 30961
0.05237 , 0.0496596 , 0.0507889 , 0.0507567 , 30991
0.0523516 , 0.049676 , 0.0507721 , 0.0508365 , 31021
0.0523655 , 0.049628 , 0.0507552 , 0.0507874 , 31051
0.0523793 , 0.0496767 , 0.0508349 , 0.0508027 , 31081
0.052393 , 0.0496287 , 0.0508502 , 0.0508502 , 31111
0.0523747 , 0.0497415 , 0.0508333 , 0.0508012 , 31141
0.0523884 , 0.0497899 , 0.0508485 , 0.0507844 , 31171
0.0523381 , 0.0498061 , 0.0508317 , 0.0507676 , 31201
0.0523198 , 0.0498223 , 0.0508789 , 0.0507509 , 31231
0.0522696 , 0.0498065 , 0.0508301 , 0.0507981 , 31261
0.0522514 , 0.0497587 , 0.0507814 , 0.0508133 , 31291
0.0522014 , 0.0497111 , 0.0507327 , 0.0508285 , 31321
0.0521514 , 0.0496954 , 0.050748 , 0.0508118 , 31351
0.0521653 , 0.0496479 , 0.0506995 , 0.0508588 , 31381
0.0521473 , 0.0496005 , 0.0506829 , 0.0508102 , 31411
0.0521294 , 0.0496167 , 0.0506663 , 0.0507617 , 31441
0.0521432 , 0.0496012 , 0.0507451 , 0.0507769 , 31471
0.0521571 , 0.049554 , 0.0507285 , 0.050792 , 31501
0.0521709 , 0.0495068 , 0.0507437 , 0.0508071 , 31531
0.052153 , 0.0494915 , 0.0507272 , 0.0507905 , 31561
0.0521668 , 0.0494445 , 0.050679 , 0.0508056 , 31591
0.0521173 , 0.0495241 , 0.0506309 , 0.0509155 , 31621
0.0520995 , 0.0495719 , 0.0507093 , 0.0508989 , 31651
0.0521133 , 0.0495881 , 0.0507244 , 0.0509769 , 31681
0.052127 , 0.0495727 , 0.050708 , 0.0509918 , 31711
0.0521093 , 0.0495258 , 0.050723 , 0.0509436 , 31741
0.052123 , 0.049542 , 0.0507066 , 0.0509584 , 31771
0.0521367 , 0.0494953 , 0.0507217 , 0.0509103 , 31801
0.0520876 , 0.0495429 , 0.0506739 , 0.0508938 , 31831
0.0521641 , 0.0495276 , 0.0506575 , 0.05094 , 31861
0.0521777 , 0.0496065 , 0.0506412 , 0.0509235 , 31891
0.0521287 , 0.0496225 , 0.0506563 , 0.0508756 , 31921
0.0521736 , 0.0496698 , 0.0507026 , 0.0508904 , 31951
0.0521872 , 0.0496545 , 0.0506863 , 0.0509052 , 31981
0.0521383 , 0.0496392 , 0.0507013 , 0.0508888 , 32011
0.0521207 , 0.0496551 , 0.0507163 , 0.0508723 , 32041
0.0521343 , 0.0496399 , 0.0507312 , 0.0508871 , 32071
0.0520856 , 0.0496246 , 0.0506838 , 0.0508395 , 32101
0.052037 , 0.0496094 , 0.0506365 , 0.0508232 , 32131
0.0520195 , 0.0495942 , 0.0507136 , 0.0508069 , 32161
0.0520021 , 0.0496101 , 0.0507595 , 0.0507906 , 32191
0.0519847 , 0.049626 , 0.0507433 , 0.0507743 , 32221
0.0519364 , 0.0496419 , 0.0507891 , 0.0507271 , 32251
0.0519191 , 0.0497197 , 0.0507419 , 0.0508039 , 32281
0.0519018 , 0.0497354 , 0.0506948 , 0.0508186 , 32311
0.0519155 , 0.0497202 , 0.0507096 , 0.0507715 , 32341
0.0519292 , 0.0497668 , 0.0506626 , 0.0507244 , 32371
0.0519428 , 0.0497824 , 0.0506466 , 0.0507083 , 32401
0.0519565 , 0.049798 , 0.0506922 , 0.0506614 , 32431
0.0519701 , 0.0498444 , 0.0506762 , 0.0506454 , 32461
0.0519836 , 0.0498292 , 0.0506602 , 0.0506294 , 32491
0.0519357 , 0.0497832 , 0.0506749 , 0.0505827 , 32521
0.0518878 , 0.0497988 , 0.050659 , 0.0506282 , 32551
0.0519321 , 0.0498143 , 0.050643 , 0.0506123 , 32581
0.0518843 , 0.0498298 , 0.0506271 , 0.0506271 , 32611
0.0518979 , 0.0498146 , 0.0505806 , 0.0506725 , 32641
0.0519115 , 0.0498301 , 0.0505341 , 0.0506565 , 32671
0.0520168 , 0.0497844 , 0.0505795 , 0.0506407 , 32701
0.0519996 , 0.0497999 , 0.0505331 , 0.0506248 , 32731
0.0520131 , 0.0498153 , 0.0505479 , 0.050609 , 32761
0.0520875 , 0.0498003 , 0.0505627 , 0.0505931 , 32791
0.0520703 , 0.0497852 , 0.0505469 , 0.0506078 , 32821
0.0520228 , 0.0497702 , 0.0505312 , 0.0506834 , 32851
0.0520361 , 0.0497856 , 0.0505155 , 0.0507284 , 32881
0.0520191 , 0.049801 , 0.0504998 , 0.0507429 , 32911
0.0520931 , 0.0498771 , 0.0505146 , 0.0507271 , 32941
0.0520457 , 0.0498317 , 0.0505293 , 0.0506809 , 32971
0.0520893 , 0.0498167 , 0.0506348 , 0.0506651 , 33001
0.0521026 , 0.0497714 , 0.0505888 , 0.0506494 , 33031
0.052146 , 0.0497868 , 0.0505732 , 0.0506034 , 33061
0.0521894 , 0.0498021 , 0.0506482 , 0.0505576 , 33091
0.0521723 , 0.0497871 , 0.0506627 , 0.0505721 , 33121
0.0521553 , 0.0497421 , 0.0506772 , 0.0506169 , 33151
0.0521383 , 0.0497574 , 0.0507218 , 0.0506314 , 33181
0.0522417 , 0.0497727 , 0.0507663 , 0.0505856 , 33211
0.0521946 , 0.0497578 , 0.0507807 , 0.0506002 , 33241
0.0521776 , 0.0498031 , 0.0507349 , 0.0506748 , 33271
0.0521906 , 0.0498183 , 0.0506892 , 0.0507793 , 33301
0.0522637 , 0.0498335 , 0.0506435 , 0.0508236 , 33331
0.0522466 , 0.0498486 , 0.0506879 , 0.0507779 , 33361
0.0521997 , 0.0498937 , 0.0506723 , 0.0507322 , 33391
0.0522725 , 0.0499686 , 0.0506867 , 0.0507166 , 33421
0.0522854 , 0.0499537 , 0.0506711 , 0.0507608 , 33451
0.0522684 , 0.0499985 , 0.0506257 , 0.0507452 , 33481
0.0522813 , 0.0499836 , 0.0506401 , 0.0507296 , 33511
0.0523538 , 0.0499389 , 0.0506544 , 0.0507737 , 33541
0.0523368 , 0.049924 , 0.0506092 , 0.0507879 , 33571
0.0524389 , 0.0498795 , 0.0506533 , 0.0507425 , 33601
0.0524219 , 0.0498944 , 0.0506973 , 0.050727 , 33631
0.0524049 , 0.04985 , 0.0506818 , 0.0506818 , 33661
0.0524176 , 0.0498649 , 0.0507554 , 0.0506664 , 33691
0.0523709 , 0.0498502 , 0.0507399 , 0.0506806 , 33721
0.0524429 , 0.0498652 , 0.0507244 , 0.0506355 , 33751
0.0525443 , 0.0498801 , 0.0507386 , 0.0505906 , 33781
0.0525273 , 0.0498359 , 0.0507823 , 0.0505457 , 33811
0.0525694 , 0.0497917 , 0.0507668 , 0.05056 , 33841
0.0525819 , 0.0498657 , 0.0507809 , 0.0505742 , 33871
0.0525943 , 0.0498805 , 0.0507655 , 0.050618 , 33901
0.0526068 , 0.0498954 , 0.0507501 , 0.0506027 , 33931
0.0526486 , 0.0499102 , 0.050823 , 0.050558 , 33961
0.052661 , 0.0498956 , 0.0509252 , 0.0505134 , 33991
0.052644 , 0.049881 , 0.0508803 , 0.0504982 , 34021
0.0525976 , 0.0499251 , 0.0508649 , 0.0504831 , 34051
0.05261 , 0.0498812 , 0.0508788 , 0.050468 , 34081
0.052593 , 0.0498373 , 0.050834 , 0.0504529 , 34111
0.0525761 , 0.0497935 , 0.0507894 , 0.0504379 , 34141
0.0526177 , 0.0498083 , 0.0508033 , 0.0504814 , 34171
0.0526593 , 0.0498231 , 0.0508172 , 0.0504371 , 34201
0.0526423 , 0.0497794 , 0.0508311 , 0.0503929 , 34231
0.0526838 , 0.0498234 , 0.0508742 , 0.050378 , 34261
0.0527252 , 0.0497798 , 0.0508588 , 0.0504506 , 34291
0.0527374 , 0.0498237 , 0.0508435 , 0.0504939 , 34321
0.0527496 , 0.0498384 , 0.0508282 , 0.050508 , 34351
0.0527035 , 0.0498822 , 0.050842 , 0.0505221 , 34381
0.0527448 , 0.0498387 , 0.0508558 , 0.0505943 , 34411
0.0527569 , 0.0498824 , 0.0508406 , 0.0506083 , 34441
0.052798 , 0.049839 , 0.0508834 , 0.0505642 , 34471
0.052839 , 0.0497957 , 0.0508971 , 0.0505493 , 34501
0.0528221 , 0.0498103 , 0.0508818 , 0.0505633 , 34531
0.0528631 , 0.0497671 , 0.0509245 , 0.0505194 , 34561
0.0528461 , 0.0498106 , 0.0508803 , 0.0504756 , 34591
0.0528292 , 0.0497964 , 0.0508651 , 0.0504607 , 34621
0.0528412 , 0.0498398 , 0.050821 , 0.0505036 , 34651
0.0528243 , 0.0498256 , 0.0508348 , 0.0506617 , 34681
0.0528651 , 0.0498113 , 0.0508196 , 0.050618 , 34711
0.0528194 , 0.0497683 , 0.0507757 , 0.0506318 , 34741
0.0527739 , 0.0497541 , 0.0507319 , 0.0506744 , 34771
0.0527858 , 0.0497399 , 0.0506882 , 0.0506595 , 34801
0.0527978 , 0.0497258 , 0.0506445 , 0.050702 , 34831
0.0527524 , 0.0497691 , 0.0506296 , 0.0507157 , 34861
0.0528216 , 0.0497836 , 0.0506434 , 0.0507008 , 34891
0.0528335 , 0.0497981 , 0.0506858 , 0.0506858 , 34921
0.0528454 , 0.0498126 , 0.0507282 , 0.0506996 , 34951
0.0528287 , 0.0498271 , 0.0506847 , 0.0506847 , 34981
0.052812 , 0.0498129 , 0.0506698 , 0.0506698 , 35011
0.0527953 , 0.0497988 , 0.0506549 , 0.0506835 , 35041
0.0528072 , 0.0497847 , 0.0506686 , 0.0506686 , 35071
0.0527905 , 0.0498561 , 0.0506823 , 0.0506538 , 35101
0.0527739 , 0.049842 , 0.050639 , 0.050639 , 35131
0.0527289 , 0.0498279 , 0.0506527 , 0.0505958 , 35161
0.0527692 , 0.0498423 , 0.0506379 , 0.0506095 , 35191
0.0527526 , 0.0497998 , 0.0506516 , 0.05068 , 35221
0.0528212 , 0.0498993 , 0.0506369 , 0.0506652 , 35251
0.0528046 , 0.0499419 , 0.0506221 , 0.0506221 , 35281
0.0527881 , 0.0499561 , 0.0505791 , 0.0506075 , 35311
0.0528282 , 0.0499986 , 0.0505928 , 0.0505928 , 35341
0.0529247 , 0.0499845 , 0.0506347 , 0.0506347 , 35371
0.0529364 , 0.0499703 , 0.05062 , 0.05062 , 35401
0.0529198 , 0.0499563 , 0.0506054 , 0.0506336 , 35431
0.0529032 , 0.0500832 , 0.0506754 , 0.050619 , 35461
0.0528866 , 0.0500972 , 0.0506889 , 0.0506044 , 35491
0.052842 , 0.050083 , 0.0506461 , 0.0506461 , 35521
0.0529099 , 0.0501252 , 0.0506877 , 0.0506315 , 35551
0.0529496 , 0.050111 , 0.0507012 , 0.0506169 , 35581
0.0529892 , 0.0500969 , 0.0506866 , 0.0505743 , 35611
0.0530849 , 0.0500547 , 0.0507 , 0.0505597 , 35641
0.0530683 , 0.0500126 , 0.0507415 , 0.0505453 , 35671
0.0530237 , 0.0499706 , 0.0507269 , 0.0505028 , 35701
0.0530352 , 0.0500126 , 0.0507403 , 0.0505443 , 35731
0.0531025 , 0.0499986 , 0.0508655 , 0.0505579 , 35761
0.053058 , 0.0499567 , 0.0508228 , 0.0505434 , 35791
0.0530136 , 0.0499986 , 0.0508082 , 0.050529 , 35821
0.0529971 , 0.0500126 , 0.0508493 , 0.0505425 , 35851
0.0529528 , 0.0499986 , 0.0508068 , 0.0505281 , 35881
0.0529364 , 0.0499847 , 0.0507644 , 0.0505138 , 35911
0.0529479 , 0.0499986 , 0.0507777 , 0.0505273 , 35941
0.0529593 , 0.0500125 , 0.0507353 , 0.0505685 , 35971
0.052943 , 0.0500264 , 0.0507208 , 0.0505264 , 36001
0.0530654 , 0.0499847 , 0.0507618 , 0.0505121 , 36031
0.053049 , 0.0500263 , 0.0507196 , 0.0505532 , 36061
0.0530326 , 0.0500956 , 0.0507052 , 0.0505389 , 36091
0.0529886 , 0.0501094 , 0.0506631 , 0.0505246 , 36121
0.0530276 , 0.0501231 , 0.050621 , 0.0505104 , 36151
0.0529836 , 0.0501368 , 0.0506067 , 0.0505514 , 36181
0.0529673 , 0.0500953 , 0.0506752 , 0.0505095 , 36211
0.0530063 , 0.0500538 , 0.0506609 , 0.0505229 , 36241
0.05299 , 0.0500675 , 0.0506741 , 0.0505087 , 36271
0.0530013 , 0.0500262 , 0.0506598 , 0.0504945 , 36301
0.0529851 , 0.0500399 , 0.050673 , 0.0505078 , 36331
0.0529688 , 0.0500536 , 0.0506312 , 0.0505212 , 36361
0.0530076 , 0.0500398 , 0.0506169 , 0.050507 , 36391
0.0529914 , 0.0499986 , 0.0505752 , 0.0505203 , 36421
0.0529752 , 0.0500123 , 0.0505336 , 0.0505885 , 36451
0.0529591 , 0.0499712 , 0.050492 , 0.0506565 , 36481
0.0529703 , 0.0499302 , 0.0504779 , 0.0506697 , 36511
0.0529542 , 0.0499439 , 0.0504365 , 0.0506281 , 36541
0.0529381 , 0.0499303 , 0.0504772 , 0.0506139 , 36571
0.0529494 , 0.0499167 , 0.0505997 , 0.0505997 , 36601
0.0529606 , 0.0499577 , 0.0505856 , 0.0505856 , 36631
0.0529718 , 0.0499986 , 0.0505987 , 0.0505987 , 36661
0.0530103 , 0.0500123 , 0.0505846 , 0.0506664 , 36691
0.052967 , 0.0499986 , 0.0505705 , 0.0506794 , 36721
0.0529509 , 0.0499578 , 0.0506925 , 0.0506381 , 36751
0.0529349 , 0.0500258 , 0.0507055 , 0.0506512 , 36781
0.052919 , 0.0500122 , 0.0507457 , 0.0506914 , 36811
0.052903 , 0.0500258 , 0.0507315 , 0.0506772 , 36841
0.05286 , 0.0500664 , 0.0506902 , 0.0507445 , 36871
0.0528441 , 0.0500528 , 0.050649 , 0.0507303 , 36901
0.0528282 , 0.0500122 , 0.050635 , 0.0507162 , 36931
0.0528124 , 0.0500528 , 0.050675 , 0.0507021 , 36961
0.0528237 , 0.0500662 , 0.050661 , 0.050661 , 36991
0.0527809 , 0.0500527 , 0.0506469 , 0.0506739 , 37021
0.0527651 , 0.0500391 , 0.0506329 , 0.0506599 , 37051
0.0527494 , 0.0500256 , 0.0506189 , 0.0506729 , 37081
0.0527337 , 0.0499852 , 0.050578 , 0.0506858 , 37111
0.0527449 , 0.0499717 , 0.050591 , 0.0506718 , 37141
0.0527293 , 0.050039 , 0.0505771 , 0.0506578 , 37171
0.0527136 , 0.0500524 , 0.05059 , 0.0506438 , 37201
0.0527249 , 0.0500121 , 0.0505761 , 0.0506299 , 37231
0.0526824 , 0.0500523 , 0.0505623 , 0.0506696 , 37261
0.05264 , 0.0500389 , 0.0505216 , 0.0507093 , 37291
0.0526781 , 0.050079 , 0.0505346 , 0.0507221 , 37321
0.0526894 , 0.0500388 , 0.0505475 , 0.0507617 , 37351
0.0526471 , 0.0500254 , 0.0505604 , 0.050721 , 37381
0.052685 , 0.050012 , 0.0505466 , 0.050707 , 37411
0.0526962 , 0.0500254 , 0.0505863 , 0.0506664 , 37441
0.0526807 , 0.0500387 , 0.0505991 , 0.0506525 , 37471
0.0526386 , 0.0500253 , 0.0505853 , 0.0506653 , 37501
0.0526498 , 0.050012 , 0.0506515 , 0.0506515 , 37531
0.0526344 , 0.0500519 , 0.0506376 , 0.0506909 , 37561
0.0526988 , 0.0500652 , 0.0506504 , 0.050677 , 37591
0.0527099 , 0.0500253 , 0.0506632 , 0.0506898 , 37621
0.0526679 , 0.050012 , 0.0506759 , 0.0507025 , 37651
0.0526525 , 0.0500517 , 0.0506887 , 0.0507152 , 37681
0.0527167 , 0.0500384 , 0.0506749 , 0.0507014 , 37711
0.0527543 , 0.0500252 , 0.0506611 , 0.0506876 , 37741
0.0527654 , 0.0500384 , 0.0506738 , 0.0507003 , 37771
0.0527764 , 0.050078 , 0.0506336 , 0.0506865 , 37801
0.0527874 , 0.0500912 , 0.0506199 , 0.0507256 , 37831
0.0528248 , 0.0500515 , 0.0506062 , 0.0507382 , 37861
0.0528358 , 0.0500119 , 0.0505925 , 0.0507244 , 37891
0.0528203 , 0.0500251 , 0.0505788 , 0.0507107 , 37921
0.0528049 , 0.0500382 , 0.0505389 , 0.0507497 , 37951
0.0528159 , 0.050025 , 0.0505516 , 0.0508149 , 37981
0.0528531 , 0.0499855 , 0.0505643 , 0.0508011 , 38011
0.052864 , 0.0499461 , 0.0505507 , 0.0507873 , 38041
0.0528749 , 0.0499068 , 0.0505372 , 0.0508261 , 38071
0.0528595 , 0.0498937 , 0.0504974 , 0.0508123 , 38101
0.0528179 , 0.0498807 , 0.0504576 , 0.0507986 , 38131
0.0528812 , 0.0498415 , 0.0504442 , 0.0508634 , 38161
0.052892 , 0.0498809 , 0.0504045 , 0.0508497 , 38191
0.0528767 , 0.049894 , 0.0503911 , 0.0508883 , 38221
0.0529137 , 0.0498549 , 0.0503778 , 0.0508745 , 38251
0.0529244 , 0.049842 , 0.0503905 , 0.050913 , 38281
0.0529091 , 0.0498029 , 0.0504555 , 0.0508992 , 38311
0.0529459 , 0.04979 , 0.0504421 , 0.0508855 , 38341
0.0529045 , 0.0497511 , 0.0504548 , 0.0508978 , 38371
0.0528632 , 0.0497383 , 0.0504154 , 0.0509362 , 38401
0.052874 , 0.0497515 , 0.050376 , 0.0509745 , 38431
0.0528587 , 0.0497647 , 0.0503887 , 0.0509347 , 38461
0.0528175 , 0.0498298 , 0.0503494 , 0.050947 , 38491
0.0528024 , 0.0498429 , 0.0503881 , 0.0509852 , 38521
0.0528391 , 0.049856 , 0.0503748 , 0.0509455 , 38551
0.0528498 , 0.0498173 , 0.0503875 , 0.0509059 , 38581
0.0528088 , 0.0498563 , 0.0503483 , 0.0508922 , 38611
0.0527937 , 0.0498693 , 0.0503351 , 0.0509045 , 38641
0.0527786 , 0.0498306 , 0.0503219 , 0.0509426 , 38671
0.0527635 , 0.0498178 , 0.0502829 , 0.0509548 , 38701
0.0527743 , 0.0498309 , 0.0502698 , 0.0509669 , 38731
0.0527334 , 0.0498439 , 0.0503083 , 0.0509275 , 38761
0.0527442 , 0.0498311 , 0.0503725 , 0.0509654 , 38791
0.0527034 , 0.0498442 , 0.0503336 , 0.0510033 , 38821
0.0527142 , 0.0498571 , 0.0503462 , 0.0509897 , 38851
0.0526993 , 0.0498444 , 0.0503331 , 0.0510018 , 38881
0.0526843 , 0.0498831 , 0.0502943 , 0.0509882 , 38911
0.0527208 , 0.049896 , 0.0502812 , 0.0509746 , 38941
0.0526802 , 0.0498832 , 0.0502681 , 0.051038 , 38971
0.0526653 , 0.0498705 , 0.0502295 , 0.05105 , 39001
0.0527017 , 0.0498578 , 0.0502677 , 0.0510364 , 39031
0.0526868 , 0.0498451 , 0.0502547 , 0.0509972 , 39061
0.0526464 , 0.0499092 , 0.0502162 , 0.0510603 , 39091
0.0526316 , 0.0498965 , 0.0502032 , 0.0510468 , 39121
0.0526168 , 0.0498838 , 0.0501903 , 0.0510587 , 39151
0.052602 , 0.0498966 , 0.0502029 , 0.0510451 , 39181
0.0526128 , 0.0498585 , 0.0502155 , 0.0510061 , 39211
0.0526745 , 0.0498458 , 0.0502536 , 0.0509926 , 39241
0.0526343 , 0.0498332 , 0.0502406 , 0.0509791 , 39271
0.0525941 , 0.0497952 , 0.0502786 , 0.0509656 , 39301
0.0525794 , 0.0498589 , 0.0502657 , 0.0510539 , 39331
0.0525901 , 0.0498717 , 0.0502528 , 0.051015 , 39361
0.0526008 , 0.0498591 , 0.0502399 , 0.0510015 , 39391
0.0526116 , 0.0498465 , 0.0502524 , 0.0509881 , 39421
0.0525715 , 0.0498086 , 0.0502649 , 0.0509746 , 39451
0.0525569 , 0.0498468 , 0.0502773 , 0.0509359 , 39481
0.0525423 , 0.0498595 , 0.0502898 , 0.0508972 , 39511
0.0525783 , 0.049847 , 0.0503275 , 0.0509345 , 39541
0.0525637 , 0.0498092 , 0.0503146 , 0.0509211 , 39571
0.0525492 , 0.0498472 , 0.050327 , 0.0509836 , 39601
0.0525094 , 0.0498852 , 0.0503141 , 0.050945 , 39631
0.0524949 , 0.0498979 , 0.0503265 , 0.0509569 , 39661
0.0524804 , 0.0499106 , 0.0503641 , 0.0509435 , 39691
0.0525163 , 0.0499232 , 0.0504015 , 0.0509806 , 39721
0.0524767 , 0.0499107 , 0.0503887 , 0.0509421 , 39751
0.0524371 , 0.0498982 , 0.0503507 , 0.050954 , 39781
0.0523976 , 0.0498857 , 0.0503127 , 0.0509407 , 39811
0.0523832 , 0.0498732 , 0.0502999 , 0.0509274 , 39841
0.0523438 , 0.0498608 , 0.0503123 , 0.0508891 , 39871
0.0523045 , 0.0498985 , 0.0503246 , 0.0508509 , 39901
0.0522652 , 0.0499111 , 0.0503368 , 0.0509128 , 39931
0.052276 , 0.0498987 , 0.0503241 , 0.0508996 , 39961
0.0523618 , 0.0498862 , 0.0504113 , 0.0509365 , 39991
0.0523475 , 0.0499238 , 0.0504235 , 0.0509483 , 40021
0.0523582 , 0.0499114 , 0.0504107 , 0.0509101 , 40051
0.052369 , 0.049899 , 0.0504478 , 0.0508969 , 40081
0.0524295 , 0.0498866 , 0.050435 , 0.0509087 , 40111
0.05249 , 0.0498742 , 0.0504223 , 0.0509454 , 40141
0.0524757 , 0.0498618 , 0.0504095 , 0.0509572 , 40171
0.0524614 , 0.0498495 , 0.0503968 , 0.0509689 , 40201
0.0524968 , 0.0498869 , 0.050384 , 0.0509309 , 40231
0.0524577 , 0.0498746 , 0.0503713 , 0.0509178 , 40261
0.0524435 , 0.0498623 , 0.0503338 , 0.0508798 , 40291
0.0524293 , 0.0498748 , 0.0502964 , 0.050842 , 40321
0.0524398 , 0.0498377 , 0.050259 , 0.0508785 , 40351
0.0524256 , 0.0498254 , 0.0502216 , 0.0508655 , 40381
0.052461 , 0.0497884 , 0.0502338 , 0.0508525 , 40411
